    0.0001000000    0.0002110000    0.0032220000    0.0001880000    
    0.0004000000    0.0007900000    0.0004000000    0.0058000000    
    0.0001000000    0.0003560000    0.0003350000    0.0023110000    
    0.0004540000    0.0002000000    0.0000010000    0.0454820000    
    0.0006000000    0.0022120000    0.0044330000    0.0031220000    
    0.0010000000    0.0011110000    0.0003230000    0.0022210000    
    0.0050000000    0.0009000000    0.0000110000    0.0002100000    
    0.0014000000    0.0006500000    0.0007000000    0.0020000000    
    0.0000010000    0.0002110000    0.0002000000    0.0003330000    
    0.0000010000    0.0002110000    0.0002000000    0.0000100000    
    0.0002000000    0.0000400000    0.0002000000    0.0008750000    
    0.0000000000    0.0001000000    0.0000900000    0.0000000000    
    0.0000000000    0.0000000000    0.0000000000    0.0000000000    
    0.0000000000    0.0400000000    0.0000000000    0.0001500000    
    0.0006000000    0.0003000000    0.0004000000    0.0002500000    
    0.0006000000    0.0003000000    0.0008000000    0.0004000000    
    0.0003000000    0.0000650000    0.0010000000    0.0003890000    
    0.0002060000    0.0003450000    0.0007090000    0.0000830000    
    0.0009530000    0.0006570000    0.0000390000    0.0004650000    
    0.0005230000    0.0000550000    0.0006970000    0.0007690000    
    0.0002300000    0.0006320000    0.0007770000    0.0003750000    
    0.0005130000    0.0000180000    0.0009800000    0.0001760000    
    0.0000980000    0.0000070000    0.0000030000    0.0000000000    
    0.0000110000    0.0000320000    0.0000780000    0.0000310000    
    0.0002060000    0.0003450000    0.0007090000    0.0000830000    
    0.0009530000    0.0006570000    0.0000390000    0.0004650000    
    0.0005230000    0.0000550000    0.0006970000    0.0007690000    
    0.0002300000    0.0006320000    0.0007770000    0.0003750000    
    0.0005130000    0.0000180000    0.0009800000    0.0001760000    
    0.0000980000    0.0000070000    0.0000030000    0.0000000000    
    0.0000110000    0.0000320000    0.0000780000    0.0000310000    
    0.0001400000    0.0000240000    0.0000970000    0.0000350000    
    0.0000380000    0.0000310000    0.0000720000    0.0000900000    
    0.0000000000    0.0000070000    0.0000730000    0.0000220000    
    0.0000030000    0.0024810000    0.0000370000    0.0000400000    
    0.0077460000    0.0033070000    0.0014430000    0.0078060000    
    0.0016420000    0.0018820000    0.0066850000    0.0067900000    
    0.0015850000    0.0032310000    0.0018390000    0.0001860000    
    0.0077220000    0.0029730000    0.0062420000    0.0017300000    
    0.0079190000    0.0049100000    0.0041150000    0.0035480000    
    0.0074870000    0.0065310000    0.0069730000    0.0026050000    
    0.0024560000    0.0073650000    0.0050400000    0.0046410000    
    0.0058840000    0.0051470000    0.0047760000    0.0024890000    
    0.0024430000    0.0017970000    0.0030000000    0.0078520000    
    0.0043950000    0.0001490000    0.0067880000    0.0069330000    
    0.0048980000    0.0069290000    0.0050740000    0.0068490000    
    0.0076390000    0.0059370000    0.0008860000    0.0029560000    
    0.0076130000    0.0024940000    0.0047510000    0.0033630000    
    0.0023660000    0.0052720000    0.0001080000    0.0059090000    
    0.0050540000    0.0063540000    0.0070200000    0.0041740000    
    0.0001000000    0.0002110000    0.0032220000    0.0001880000    
    0.0004000000    0.0007900000    0.0004000000    0.0058000000    
    0.0001000000    0.0003560000    0.0003350000    0.0023110000    
    0.0004540000    0.0002000000    0.0000010000    0.0004540000    
    0.0006000000    0.0022120000    0.0044330000    0.0031220000    
    0.0010000000    0.0011110000    0.0003230000    0.0022210000    
    0.0050000000    0.0009000000    0.0000110000    0.0002100000    
    0.0014000000    0.0006500000    0.0007000000    0.0020000000    
    0.0000010000    0.0002110000    0.0002000000    0.0003330000    
    0.0000010000    0.0002110000    0.0002000000    0.0000100000    
    0.0002000000    0.0000400000    0.0002000000    0.0008750000    
    0.0000000000    0.0001000000    0.0000900000    0.0000000000    
    0.0000000000    0.0000000000    0.0000000000    0.0000000000    
    0.0000000000    0.0004000000    0.0000000000    0.0001500000    
    0.0006000000    0.0003000000    0.0004000000    0.0002500000    
    0.0006000000    0.0003000000    0.0008000000    0.0004000000    
    0.0003000000    0.0000650000    0.0010000000    0.0003890000    
    0.0009530000    0.0006570000    0.0000390000    0.0004650000    
    0.0005230000    0.0000550000    0.0006970000    0.0007690000    
    0.0002300000    0.0006320000    0.0007770000    0.0003750000    
    0.0005130000    0.0000180000    0.0009800000    0.0001760000    
    0.0000980000    0.0000070000    0.0000030000    0.0000000000    
    0.0000110000    0.0000320000    0.0000780000    0.0000310000    
    0.0001400000    0.0000240000    0.0000970000    0.0000350000    
    0.0000380000    0.0000310000    0.0000720000    0.0000900000    
    0.0000000000    0.0000070000    0.0000730000    0.0000220000    
    0.0000030000    0.0024810000    0.0000370000    0.0000400000    
    0.0077460000    0.0033070000    0.0014430000    0.0078060000    
    0.0016420000    0.0018820000    0.0066850000    0.0067900000    
    0.0015850000    0.0032310000    0.0018390000    0.0001860000    
    0.0077220000    0.0029730000    0.0062420000    0.0017300000    
    0.0079190000    0.0049100000    0.0041150000    0.0035480000    
    0.0074870000    0.0065310000    0.0069730000    0.0026050000    
    0.0024560000    0.0073650000    0.0050400000    0.0046410000    
    0.0058840000    0.0051470000    0.0047760000    0.0024890000    
    0.0024430000    0.0017970000    0.0030000000    0.0078520000    
    0.0043950000    0.0001490000    0.0067880000    0.0069330000    
    0.0048980000    0.0069290000    0.0050740000    0.0068490000    
    0.0076390000    0.0059370000    0.0008860000    0.0029560000    
    0.0076130000    0.0024940000    0.0047510000    0.0033630000    
    0.0023660000    0.0052720000    0.0001080000    0.0059090000    
    0.0050540000    0.0063540000    0.0070200000    0.0041740000    
    0.0002300000    0.0006320000    0.0007770000    0.0003750000    
    0.0005130000    0.0000180000    0.0009800000    0.0001760000    
    0.0000980000    0.0000070000    0.0000030000    0.0000000000    
    0.0000110000    0.0000320000    0.0000780000    0.0000310000    
    0.0001400000    0.0000240000    0.0000970000    0.0000350000    
    0.0000380000    0.0000310000    0.0000720000    0.0000900000    
    0.0000000000    0.0000070000    0.0000730000    0.0000220000    
    0.0000030000    0.0024810000    0.0000370000    0.0000400000    
    0.0001085345    0.0002249414    0.0032854681    0.0002029607    
    0.0004077730    0.0007984295    0.0004248959    0.0063261404    
    0.0001091569    0.0003808917    0.0003452715    0.0024891174    
    0.0004572450    0.0002045303    0.0000010198    0.0496790749    
    0.0006422978    0.0023228488    0.0046596747    0.0032851824    
    0.0010318429    0.0011972175    0.0003243611    0.0022629405    
    0.0050685368    0.0009795482    0.0000115949    0.0002259045    
    0.0014180266    0.0007121248    0.0007172698    0.0021944861    
    0.0000010959    0.0002210789    0.0002124253    0.0003547062    
    0.0000010655    0.0002167577    0.0002126318    0.0000108142    
    0.0002112319    0.0000406731    0.0002053780    0.0008916707    
    0.0000000000    0.0001015298    0.0000957275    0.0000000000    
    0.0000000000    0.0000000000    0.0000000000    0.0000000000    
    0.0000000000    0.0427493606    0.0000000000    0.0001560719    
    0.0006510788    0.0003085304    0.0004061018    0.0002600520    
    0.0006315739    0.0003220369    0.0008390423    0.0004320615    
    0.0003043278    0.0000655602    0.0010254621    0.0003997355    
    0.0002163604    0.0003747541    0.0007429867    0.0000896670    
    0.0010003650    0.0006953693    0.0000415371    0.0004956925    
    0.0005449932    0.0000579584    0.0007458459    0.0008443460    
    0.0002453245    0.0006434343    0.0008149586    0.0003773294    
    0.0005348738    0.0000194486    0.0010263164    0.0001859175    
    0.0001013091    0.0000073601    0.0000031933    0.0000000000    
    0.0000111850    0.0000324302    0.0000810740    0.0000331772    
    0.0002117351    0.0003483138    0.0007627384    0.0000835656    
    0.0009763682    0.0006596221    0.0000400819    0.0004939343    
    0.0005386577    0.0000603292    0.0007190965    0.0008360362    
    0.0002495568    0.0006737458    0.0008125106    0.0003812345    
    0.0005319791    0.0000189024    0.0010389211    0.0001883768    
    0.0001025255    0.0000071642    0.0000032489    0.0000000000    
    0.0000118991    0.0000347686    0.0000853589    0.0000327290    
    0.0001517107    0.0000255641    0.0001001713    0.0000361872    
    0.0000395639    0.0000339532    0.0000773193    0.0000905967    
    0.0000000000    0.0000076668    0.0000773856    0.0000221302    
    0.0000032155    0.0026833405    0.0000371855    0.0000431191    
    0.0083855797    0.0035314695    0.0014528062    0.0081198933    
    0.0016473157    0.0020573876    0.0072050298    0.0073325722    
    0.0016318235    0.0033991678    0.0019361381    0.0001970689    
    0.0083843276    0.0032222555    0.0063206814    0.0018974358    
    0.0082633539    0.0052811071    0.0041611534    0.0035686843    
    0.0076282162    0.0066798524    0.0073943718    0.0026092172    
    0.0025070545    0.0075236699    0.0055145188    0.0048429370    
    0.0060440915    0.0056279893    0.0049616187    0.0024935454    
    0.0025695588    0.0018703510    0.0030905792    0.0083510000    
    0.0047327475    0.0001631759    0.0074536530    0.0075680996    
    0.0049060952    0.0075216087    0.0051879991    0.0075111137    
    0.0083299290    0.0060751520    0.0009238310    0.0029737425    
    0.0083044225    0.0027236287    0.0050365805    0.0034758978    
    0.0024173699    0.0053723396    0.0001091684    0.0063783175    
    0.0051537910    0.0068921023    0.0073795854    0.0043191995    
    0.0001076786    0.0002269385    0.0035094875    0.0001881371    
    0.0004253520    0.0008562482    0.0004308372    0.0060102279    
    0.0001079904    0.0003679776    0.0003581380    0.0024599852    
    0.0004764021    0.0002134966    0.0000010940    0.0004623757    
    0.0006006308    0.0022591142    0.0045321255    0.0033550722    
    0.0010988852    0.0011407574    0.0003285326    0.0022670643    
    0.0052544805    0.0009115946    0.0000111841    0.0002296166    
    0.0014160850    0.0006946584    0.0007010552    0.0021389452    
    0.0000010422    0.0002215696    0.0002073701    0.0003459119    
    0.0000010959    0.0002156327    0.0002151632    0.0000107106    
    0.0002156591    0.0000438986    0.0002002051    0.0009579383    
    0.0000000000    0.0001002210    0.0000919031    0.0000000000    
    0.0000000000    0.0000000000    0.0000000000    0.0000000000    
    0.0000000000    0.0004008075    0.0000000000    0.0001526983    
    0.0006038962    0.0003206727    0.0004071406    0.0002695934    
    0.0006268675    0.0003247662    0.0008152295    0.0004337237    
    0.0003143178    0.0000677714    0.0010681671    0.0004118998    
    0.0009855440    0.0006797651    0.0000415996    0.0005105800    
    0.0005332207    0.0000603847    0.0007370411    0.0008405816    
    0.0002480410    0.0006785589    0.0008146853    0.0003773304    
    0.0005423535    0.0000193197    0.0009921815    0.0001785768    
    0.0001033135    0.0000072468    0.0000030842    0.0000000000    
    0.0000111203    0.0000338190    0.0000790459    0.0000316028    
    0.0001507883    0.0000254819    0.0000982036    0.0000380769    
    0.0000406824    0.0000317397    0.0000740789    0.0000924605    
    0.0000000000    0.0000070947    0.0000771216    0.0000230081    
    0.0000030704    0.0025443291    0.0000374947    0.0000404783    
    0.0079541859    0.0035257638    0.0014487194    0.0081634232    
    0.0017606099    0.0019889171    0.0073187211    0.0071834425    
    0.0016694495    0.0035195073    0.0019904765    0.0001941159    
    0.0083464573    0.0030282411    0.0062755276    0.0017496018    
    0.0084860904    0.0051171688    0.0045105094    0.0037983873    
    0.0076135267    0.0065557881    0.0076522900    0.0027841998    
    0.0025055595    0.0078418941    0.0051148550    0.0047265093    
    0.0060133229    0.0052470811    0.0048296129    0.0025223255    
    0.0026027209    0.0019745303    0.0032519153    0.0082841045    
    0.0045189334    0.0001633162    0.0071245119    0.0069613032    
    0.0049861112    0.0075174267    0.0052536871    0.0069345930    
    0.0077322503    0.0061221333    0.0009445594    0.0032180742    
    0.0080589733    0.0026500844    0.0048553453    0.0035215757    
    0.0025941842    0.0054429671    0.0001111413    0.0062199224    
    0.0053378155    0.0069869665    0.0070208588    0.0042824752    
    0.0002367656    0.0006606601    0.0007779060    0.0003895163    
    0.0005178968    0.0000188399    0.0010688262    0.0001888122    
    0.0001025829    0.0000072352    0.0000032813    0.0000000000    
    0.0000112735    0.0000324528    0.0000800489    0.0000326955    
    0.0001437008    0.0000246158    0.0001018762    0.0000360923    
    0.0000400720    0.0000310186    0.0000727889    0.0000956104    
    0.0000000000    0.0000070953    0.0000778347    0.0000232062    
    0.0000032052    0.0026973626    0.0000376689    0.0000407059    
    0.0001026807    0.0002280736    0.0034409046    0.0001889745    
    0.0004086804    0.0008196738    0.0004136756    0.0061707151    
    0.0001019073    0.0003870260    0.0003660197    0.0024621165    
    0.0004893093    0.0002167925    0.0000010190    0.0464843788    
    0.0006249799    0.0022856261    0.0047689968    0.0031693673    
    0.0010423308    0.0011878703    0.0003445239    0.0024086520    
    0.0054808790    0.0009824467    0.0000113250    0.0002205571    
    0.0014356500    0.0006763202    0.0007377414    0.0021558747    
    0.0000010732    0.0002304719    0.0002112414    0.0003478209    
    0.0000010605    0.0002245805    0.0002117091    0.0000106801    
    0.0002001799    0.0000420376    0.0002070890    0.0009458750    
    0.0000000000    0.0001022757    0.0000962311    0.0000000000    
    0.0000000000    0.0000000000    0.0000000000    0.0000000000    
    0.0000000000    0.0438607279    0.0000000000    0.0001571534    
    0.0006443779    0.0003128676    0.0004019291    0.0002644161    
    0.0006496731    0.0003106762    0.0008687798    0.0004327007    
    0.0003113082    0.0000669533    0.0010701522    0.0003968550    
    0.0002230421    0.0003537497    0.0007211960    0.0000895124    
    0.0009748588    0.0006624694    0.0000401122    0.0004729222    
    0.0005722737    0.0000578906    0.0007515661    0.0008358746    
    0.0002462359    0.0006368701    0.0007872665    0.0003778930    
    0.0005142784    0.0000194383    0.0010028429    0.0001924820    
    0.0001047176    0.0000074066    0.0000031963    0.0000000000    
    0.0000116283    0.0000328364    0.0000830887    0.0000330171    
    0.0002147273    0.0003765842    0.0007396912    0.0000904042    
    0.0009910674    0.0006782974    0.0000391775    0.0004981739    
    0.0005310127    0.0000578959    0.0006992715    0.0008027835    
    0.0002397754    0.0006399483    0.0008535430    0.0003930520    
    0.0005286969    0.0000183374    0.0010603450    0.0001863857    
    0.0001027470    0.0000073214    0.0000032904    0.0000000000    
    0.0000111343    0.0000349752    0.0000816566    0.0000327480    
    0.0001418790    0.0000246068    0.0000981081    0.0000350798    
    0.0000394002    0.0000320085    0.0000772631    0.0000918648    
    0.0000000000    0.0000074858    0.0000767415    0.0000222204    
    0.0000030484    0.0025395766    0.0000372944    0.0000406076    
    0.0080807682    0.0036207691    0.0014688188    0.0083231741    
    0.0017487000    0.0019863159    0.0069584668    0.0069847336    
    0.0017273421    0.0035018839    0.0019649918    0.0002001605    
    0.0078524812    0.0030384539    0.0066300915    0.0018802528    
    0.0084834582    0.0049891979    0.0045084105    0.0037337550    
    0.0080552204    0.0066228866    0.0070559847    0.0027651818    
    0.0024919715    0.0077840797    0.0052616468    0.0047659265    
    0.0061115004    0.0054712871    0.0052009466    0.0026944793    
    0.0025989824    0.0019620326    0.0030338875    0.0078929190    
    0.0046063046    0.0001571052    0.0071282701    0.0072736418    
    0.0049820874    0.0073006470    0.0053642426    0.0072864081    
    0.0081394015    0.0060275468    0.0009610145    0.0030508186    
    0.0076334033    0.0025846285    0.0052150980    0.0036233873    
    0.0025462158    0.0055940878    0.0001113650    0.0061632790    
    0.0051843353    0.0069743781    0.0072813974    0.0042447560    
    0.0001037609    0.0002235053    0.0035026839    0.0001965720    
    0.0004151131    0.0008481664    0.0004156395    0.0063165083    
    0.0001023242    0.0003869021    0.0003619805    0.0024963088    
    0.0004735836    0.0002179897    0.0000010689    0.0004780157    
    0.0006208115    0.0023992075    0.0048570417    0.0032442140    
    0.0010433729    0.0011231585    0.0003254465    0.0023225718    
    0.0053322271    0.0009615420    0.0000116349    0.0002267280    
    0.0014461614    0.0006913513    0.0007255542    0.0020257152    
    0.0000010137    0.0002307436    0.0002041831    0.0003607329    
    0.0000010441    0.0002150115    0.0002114365    0.0000101397    
    0.0002059687    0.0000404498    0.0002015640    0.0008764930    
    0.0000000000    0.0001092500    0.0000967117    0.0000000000    
    0.0000000000    0.0000000000    0.0000000000    0.0000000000    
    0.0000000000    0.0004004590    0.0000000000    0.0001593043    
    0.0006369780    0.0003039181    0.0004288488    0.0002534772    
    0.0006542336    0.0003219846    0.0008046558    0.0004140509    
    0.0003260777    0.0000679168    0.0010179747    0.0004190296    
    0.0009954455    0.0006719963    0.0000425893    0.0004795552    
    0.0005752334    0.0000597628    0.0007608344    0.0007705907    
    0.0002511394    0.0006788898    0.0008440293    0.0004016926    
    0.0005377424    0.0000197080    0.0010202695    0.0001885912    
    0.0001032143    0.0000076590    0.0000031899    0.0000000000    
    0.0000113963    0.0000328376    0.0000830351    0.0000328547    
    0.0001521997    0.0000246274    0.0000986408    0.0000353645    
    0.0000414653    0.0000331540    0.0000750824    0.0000934635    
    0.0000000000    0.0000075084    0.0000766255    0.0000234248    
    0.0000032331    0.0025433449    0.0000378881    0.0000407965    
    0.0078454161    0.0033242770    0.0015727307    0.0083932197    
    0.0017547206    0.0019844834    0.0068028226    0.0073486245    
    0.0016751181    0.0034086408    0.0019583693    0.0001898360    
    0.0078463607    0.0031149620    0.0065043203    0.0017412530    
    0.0085519986    0.0053026559    0.0045185356    0.0038056735    
    0.0078735207    0.0070173880    0.0075179487    0.0026606820    
    0.0025917661    0.0075591384    0.0053818511    0.0047154503    
    0.0062399285    0.0052333815    0.0048921539    0.0025343785    
    0.0025680585    0.0018688607    0.0032259706    0.0085491352    
    0.0047559733    0.0001547509    0.0073502426    0.0071167264    
    0.0053786820    0.0075883281    0.0055260531    0.0070320855    
    0.0077664889    0.0062344232    0.0008945228    0.0029928859    
    0.0077439713    0.0026945405    0.0050346586    0.0034619342    
    0.0025360838    0.0053244055    0.0001102032    0.0064838117    
    0.0054737985    0.0067001578    0.0073879908    0.0044645779    
    0.0002418553    0.0006763582    0.0008433687    0.0003856753    
    0.0005318201    0.0000197157    0.0009902108    0.0001783883    
    0.0001043204    0.0000073889    0.0000032156    0.0000000000    
    0.0000118015    0.0000324563    0.0000853107    0.0000337626    
    0.0001435181    0.0000246003    0.0001016740    0.0000353097    
    0.0000387261    0.0000313664    0.0000757704    0.0000933860    
    0.0000000000    0.0000072486    0.0000784026    0.0000239898    
    0.0000031397    0.0025923440    0.0000385054    0.0000408193    
    0.0001063692    0.0002250195    0.0033624486    0.0001911134    
    0.0004256700    0.0008160940    0.0004385606    0.0058333364    
    0.0001044884    0.0003781820    0.0003565576    0.0023825353    
    0.0004716195    0.0002030881    0.0000010175    0.0455186210    
    0.0006285732    0.0024112150    0.0047939463    0.0031515818    
    0.0010893720    0.0011962920    0.0003429293    0.0022488193    
    0.0053814781    0.0009584553    0.0000115624    0.0002160121    
    0.0014763665    0.0006607581    0.0007097153    0.0021496060    
    0.0000010194    0.0002120196    0.0002056625    0.0003382559    
    0.0000010468    0.0002117561    0.0002161828    0.0000102844    
    0.0002035298    0.0000422176    0.0002134347    0.0009003669    
    0.0000000000    0.0001055456    0.0000946963    0.0000000000    
    0.0000000000    0.0000000000    0.0000000000    0.0000000000    
    0.0000000000    0.0428724170    0.0000000000    0.0001647661    
    0.0006415490    0.0003008906    0.0004000051    0.0002690892    
    0.0006500444    0.0003216328    0.0008038257    0.0004375684    
    0.0003025733    0.0000700677    0.0010736367    0.0004117230    
    0.0002104546    0.0003562148    0.0007218226    0.0000907155    
    0.0010159557    0.0006973152    0.0000408047    0.0004803743    
    0.0005649656    0.0000565323    0.0007267787    0.0008372125    
    0.0002375985    0.0006909045    0.0008152495    0.0004013811    
    0.0005522814    0.0000180021    0.0009968774    0.0001926973    
    0.0001036277    0.0000074462    0.0000032103    0.0000000000    
    0.0000120107    0.0000348969    0.0000824267    0.0000320983    
    0.0002251650    0.0003517764    0.0007279568    0.0000897035    
    0.0009781591    0.0006909537    0.0000414680    0.0004984652    
    0.0005709183    0.0000595278    0.0007012060    0.0008206817    
    0.0002452128    0.0006507498    0.0007807090    0.0004103577    
    0.0005545574    0.0000182527    0.0010393166    0.0001802768    
    0.0001031428    0.0000075071    0.0000030053    0.0000000000    
    0.0000113106    0.0000329587    0.0000799291    0.0000333279    
    0.0001444786    0.0000247914    0.0001015724    0.0000367570    
    0.0000404267    0.0000334798    0.0000739643    0.0000988599    
    0.0000000000    0.0000076615    0.0000765384    0.0000226822    
    0.0000031978    0.0026262290    0.0000394956    0.0000435713    
    0.0079621856    0.0035772032    0.0014969810    0.0081889221    
    0.0016789149    0.0019614749    0.0068464910    0.0071700217    
    0.0017084165    0.0034910117    0.0019188287    0.0001882367    
    0.0081561852    0.0030544369    0.0066939123    0.0018966845    
    0.0085084574    0.0051532928    0.0045022606    0.0037741743    
    0.0075933955    0.0069637669    0.0072693079    0.0028283571    
    0.0026255059    0.0074722717    0.0050623056    0.0049585116    
    0.0060206006    0.0054790635    0.0047761095    0.0026065903    
    0.0024824282    0.0018929469    0.0032844761    0.0085865506    
    0.0047498488    0.0001562054    0.0072744675    0.0076158261    
    0.0051320069    0.0072003216    0.0052349674    0.0070352499    
    0.0080692926    0.0061952521    0.0009234113    0.0029798244    
    0.0081620227    0.0026614111    0.0051112619    0.0033887353    
    0.0025972109    0.0055763117    0.0001096773    0.0062350847    
    0.0051719761    0.0068779077    0.0076935473    0.0044165385    
    0.0001058657    0.0002312216    0.0034550814    0.0001969744    
    0.0004085916    0.0008419034    0.0004145129    0.0062452277    
    0.0001020342    0.0003874670    0.0003393621    0.0023499292    
    0.0004826555    0.0002011170    0.0000010139    0.0004951496    
    0.0006051242    0.0022373418    0.0046705855    0.0031346366    
    0.0010263435    0.0012204518    0.0003370971    0.0022821630    
    0.0051816410    0.0009396371    0.0000111150    0.0002263950    
    0.0014161839    0.0006669460    0.0007678444    0.0021075738    
    0.0000010322    0.0002167304    0.0002006634    0.0003357706    
    0.0000010344    0.0002193406    0.0002100521    0.0000107776    
    0.0002183085    0.0000417743    0.0002168020    0.0008873512    
    0.0000000000    0.0001002218    0.0000982014    0.0000000000    
    0.0000000000    0.0000000000    0.0000000000    0.0000000000    
    0.0000000000    0.0004119995    0.0000000000    0.0001601252    
    0.0006204374    0.0003206338    0.0004395797    0.0002578391    
    0.0006046152    0.0003231258    0.0008340237    0.0004050101    
    0.0003097094    0.0000686837    0.0010560041    0.0004189837    
    0.0010347585    0.0007216775    0.0000425481    0.0004881419    
    0.0005377965    0.0000570113    0.0007126816    0.0008105207    
    0.0002312570    0.0006378267    0.0008366553    0.0003964458    
    0.0005465988    0.0000195442    0.0010651634    0.0001784937    
    0.0001027429    0.0000070431    0.0000030900    0.0000000000    
    0.0000115607    0.0000348347    0.0000834494    0.0000311208    
    0.0001510801    0.0000253516    0.0000998004    0.0000377622    
    0.0000399881    0.0000330105    0.0000739246    0.0000979675    
    0.0000000000    0.0000072832    0.0000754251    0.0000228003    
    0.0000030332    0.0026025906    0.0000374944    0.0000435145    
    0.0085115812    0.0034096976    0.0015240077    0.0080077549    
    0.0017069484    0.0019751214    0.0067879476    0.0070144265    
    0.0016750393    0.0032672613    0.0018780948    0.0001901528    
    0.0078044459    0.0031228435    0.0066070844    0.0017965363    
    0.0086847724    0.0053035097    0.0044190929    0.0038857946    
    0.0078441018    0.0069297752    0.0075565295    0.0026948179    
    0.0025759519    0.0076594077    0.0054837633    0.0048164075    
    0.0062934596    0.0052454061    0.0049885259    0.0026646627    
    0.0025112191    0.0018123295    0.0031907974    0.0079646332    
    0.0045678083    0.0001549471    0.0070809757    0.0073787003    
    0.0051333561    0.0074592535    0.0050885971    0.0072477766    
    0.0082232153    0.0060872049    0.0009378805    0.0029857845    
    0.0076391785    0.0026850031    0.0050332253    0.0034083740    
    0.0025094523    0.0055513619    0.0001164227    0.0062227247    
    0.0054208367    0.0069031732    0.0076779103    0.0043280968    
    0.0002505855    0.0006505767    0.0008164141    0.0003954269    
    0.0005376225    0.0000184833    0.0010706362    0.0001871353    
    0.0001012748    0.0000074584    0.0000030827    0.0000000000    
    0.0000114520    0.0000343480    0.0000834224    0.0000327288    
    0.0001436421    0.0000241030    0.0000979002    0.0000364829    
    0.0000391139    0.0000333838    0.0000754859    0.0000976576    
    0.0000000000    0.0000071869    0.0000787924    0.0000233915    
    0.0000030193    0.0025836088    0.0000393395    0.0000419133    
    0.0001073350    0.0002311446    0.0032858235    0.0001902742    
    0.0004384207    0.0008384343    0.0004189746    0.0060164461    
    0.0001075255    0.0003723158    0.0003368640    0.0023275409    
    0.0004751055    0.0002120382    0.0000010645    0.0467394020    
    0.0006081251    0.0023536022    0.0044685899    0.0032857607    
    0.0010311175    0.0011542387    0.0003379934    0.0024028857    
    0.0052546930    0.0009787153    0.0000119284    0.0002246764    
    0.0015114028    0.0006517396    0.0007086799    0.0021256360    
    0.0000010011    0.0002245420    0.0002169487    0.0003628347    
    0.0000010300    0.0002157733    0.0002112002    0.0000102478    
    0.0002109611    0.0000400959    0.0002183100    0.0009313686    
    0.0000000000    0.0001002021    0.0000901284    0.0000000000    
    0.0000000000    0.0000000000    0.0000000000    0.0000000000    
    0.0000000000    0.0431214336    0.0000000000    0.0001536446    
    0.0006259622    0.0003156784    0.0004028387    0.0002517411    
    0.0006493641    0.0003120178    0.0008637106    0.0004225973    
    0.0003091011    0.0000662003    0.0010352611    0.0004178906    
    0.0002076543    0.0003616973    0.0007109484    0.0000910323    
    0.0010386261    0.0006664200    0.0000392234    0.0004850709    
    0.0005449208    0.0000589759    0.0007333100    0.0008196665    
    0.0002452320    0.0006692650    0.0008283708    0.0003949267    
    0.0005282573    0.0000183726    0.0010487947    0.0001857808    
    0.0001031549    0.0000073344    0.0000030632    0.0000000000    
    0.0000119634    0.0000339245    0.0000788613    0.0000335009    
    0.0002162229    0.0003558604    0.0007390575    0.0000834419    
    0.0009556554    0.0006689719    0.0000397883    0.0005074549    
    0.0005624649    0.0000604637    0.0007094377    0.0008031605    
    0.0002447398    0.0006527387    0.0007975026    0.0003951891    
    0.0005253005    0.0000183513    0.0010043116    0.0001789293    
    0.0001040083    0.0000070570    0.0000030925    0.0000000000    
    0.0000117092    0.0000323840    0.0000841970    0.0000330939    
    0.0001449279    0.0000241392    0.0001028465    0.0000372303    
    0.0000405049    0.0000330140    0.0000786674    0.0000927661    
    0.0000000000    0.0000074384    0.0000765509    0.0000234602    
    0.0000031572    0.0025179973    0.0000374937    0.0000435493    
    0.0078678206    0.0035750331    0.0015691584    0.0084113098    
    0.0017091271    0.0020586961    0.0068554320    0.0072867395    
    0.0016501876    0.0032681972    0.0020094371    0.0002038354    
    0.0083474444    0.0029773131    0.0064306189    0.0018725913    
    0.0081010589    0.0049318679    0.0043351174    0.0037597911    
    0.0077955030    0.0066117620    0.0072532325    0.0027262769    
    0.0026388473    0.0079104713    0.0054328150    0.0048763952    
    0.0059119547    0.0055495641    0.0051869770    0.0026714407    
    0.0025487880    0.0019215095    0.0031981819    0.0080634914    
    0.0046857110    0.0001495954    0.0073944773    0.0070011305    
    0.0048988085    0.0075431968    0.0055779683    0.0073212178    
    0.0080633992    0.0059667671    0.0009555489    0.0031983287    
    0.0083084630    0.0026909136    0.0051022678    0.0034796050    
    0.0025433627    0.0055912360    0.0001156233    0.0059546085    
    0.0051452630    0.0065176387    0.0073328462    0.0042001595    
    0.0001037267    0.0002302562    0.0033016460    0.0002016562    
    0.0004293955    0.0008443169    0.0004237992    0.0058887060    
    0.0001033221    0.0003796004    0.0003353956    0.0023752739    
    0.0004759543    0.0002010665    0.0000010372    0.0004740442    
    0.0006514097    0.0023170718    0.0045495181    0.0033731161    
    0.0010131134    0.0011940562    0.0003257035    0.0022489058    
    0.0054482852    0.0009373609    0.0000115271    0.0002190885    
    0.0014934988    0.0006952144    0.0007363096    0.0021974128    
    0.0000010927    0.0002270413    0.0002158345    0.0003581753    
    0.0000010223    0.0002271317    0.0002181700    0.0000106894    
    0.0002157149    0.0000422157    0.0002116230    0.0008820154    
    0.0000000000    0.0001040581    0.0000950498    0.0000000000    
    0.0000000000    0.0000000000    0.0000000000    0.0000000000    
    0.0000000000    0.0004167439    0.0000000000    0.0001503702    
    0.0006337539    0.0003248456    0.0004342081    0.0002724945    
    0.0006412339    0.0003136754    0.0008190648    0.0004272765    
    0.0003005444    0.0000706679    0.0010168374    0.0003901469    
    0.0009548207    0.0006843048    0.0000410582    0.0004702163    
    0.0005503018    0.0000580867    0.0007107369    0.0008297115    
    0.0002312796    0.0006456728    0.0008158797    0.0004037312    
    0.0005358353    0.0000188215    0.0010124354    0.0001876729    
    0.0001066107    0.0000074335    0.0000032442    0.0000000000    
    0.0000112527    0.0000330827    0.0000819572    0.0000310487    
    0.0001461805    0.0000259269    0.0000978284    0.0000372388    
    0.0000387613    0.0000327533    0.0000774776    0.0000977532    
    0.0000000000    0.0000070976    0.0000757245    0.0000241083    
    0.0000032368    0.0024877613    0.0000373799    0.0000422499    
    0.0079841178    0.0034337040    0.0015262835    0.0085047845    
    0.0016999510    0.0020232222    0.0067258915    0.0073277033    
    0.0017280379    0.0034433795    0.0018416668    0.0001971216    
    0.0081806658    0.0030173094    0.0065141032    0.0018130641    
    0.0086341143    0.0049965220    0.0043988809    0.0036762256    
    0.0081134597    0.0067610362    0.0073336438    0.0027779002    
    0.0025577699    0.0075300066    0.0050473196    0.0048860523    
    0.0061865675    0.0053742708    0.0049265554    0.0025749698    
    0.0025931354    0.0019130209    0.0032037894    0.0079464100    
    0.0047649149    0.0001549950    0.0070718997    0.0070196895    
    0.0053275836    0.0076131217    0.0050980325    0.0069226152    
    0.0083324647    0.0063575107    0.0009718323    0.0030591786    
    0.0081700080    0.0024987563    0.0052256611    0.0035131199    
    0.0025300070    0.0057519764    0.0001152789    0.0059782239    
    0.0051778619    0.0063610833    0.0074680369    0.0044817390    
    0.0002410530    0.0006807454    0.0008339844    0.0003873962    
    0.0005625276    0.0000183275    0.0009803516    0.0001815254    
    0.0001049492    0.0000074863    0.0000032674    0.0000000000    
    0.0000118055    0.0000327624    0.0000797589    0.0000314733    
    0.0001448298    0.0000260757    0.0001033605    0.0000381782    
    0.0000384352    0.0000320008    0.0000781754    0.0000913434    
    0.0000000000    0.0000074637    0.0000792779    0.0000233855    
    0.0000031610    0.0027212873    0.0000378503    0.0000407828    
    0.0001044071    0.0002203173    0.0033795369    0.0002052062    
    0.0004309721    0.0008051566    0.0004175473    0.0061079079    
    0.0001099337    0.0003725342    0.0003366869    0.0024539613    
    0.0004889039    0.0002163616    0.0000010367    0.0480726743    
    0.0006512673    0.0022866760    0.0045270835    0.0033047419    
    0.0010337722    0.0011528512    0.0003281570    0.0023628942    
    0.0054267209    0.0009365630    0.0000115895    0.0002295392    
    0.0014968502    0.0007143838    0.0007150272    0.0021460113    
    0.0000010543    0.0002186532    0.0002051787    0.0003337028    
    0.0000010984    0.0002135035    0.0002090859    0.0000100334    
    0.0002135080    0.0000439249    0.0002068912    0.0009107711    
    0.0000000000    0.0001093619    0.0000910094    0.0000000000    
    0.0000000000    0.0000000000    0.0000000000    0.0000000000    
    0.0000000000    0.0439393090    0.0000000000    0.0001591156    
    0.0006587454    0.0003067946    0.0004003077    0.0002565633    
    0.0006315219    0.0003147250    0.0008177156    0.0004135222    
    0.0003110074    0.0000666911    0.0010757779    0.0003977853    
    0.0002117350    0.0003551512    0.0007738034    0.0000881963    
    0.0009648399    0.0006575215    0.0000418795    0.0004739001    
    0.0005531208    0.0000584020    0.0007058898    0.0007842162    
    0.0002493393    0.0006868549    0.0008180074    0.0004023041    
    0.0005487959    0.0000181916    0.0010454626    0.0001774636    
    0.0001045053    0.0000071264    0.0000032999    0.0000000000    
    0.0000111775    0.0000327563    0.0000803718    0.0000320265    
    0.0002136452    0.0003687899    0.0007730304    0.0000882310    
    0.0010209331    0.0007037133    0.0000416822    0.0005049145    
    0.0005720077    0.0000592719    0.0007105434    0.0008387977    
    0.0002448191    0.0006374393    0.0007993657    0.0003980755    
    0.0005303737    0.0000190005    0.0010450112    0.0001906517    
    0.0001046185    0.0000073647    0.0000032613    0.0000000000    
    0.0000111176    0.0000342987    0.0000835243    0.0000319813    
    0.0001403986    0.0000246984    0.0001031570    0.0000370781    
    0.0000386338    0.0000319359    0.0000742077    0.0000939334    
    0.0000000000    0.0000070283    0.0000769941    0.0000239289    
    0.0000032688    0.0025533333    0.0000397982    0.0000423592    
    0.0083851233    0.0034015157    0.0015602726    0.0079555245    
    0.0016673663    0.0020479148    0.0070040797    0.0072071458    
    0.0017234786    0.0035156640    0.0020153406    0.0001874710    
    0.0080138828    0.0031815763    0.0062619726    0.0018499867    
    0.0084404078    0.0053550092    0.0043597137    0.0037744587    
    0.0080378051    0.0068415922    0.0071568209    0.0026485558    
    0.0025505365    0.0076423322    0.0051065654    0.0047527436    
    0.0062847223    0.0056192966    0.0048275478    0.0027337231    
    0.0025649871    0.0018457677    0.0030023458    0.0079919100    
    0.0048034612    0.0001517527    0.0071143622    0.0075349021    
    0.0050165619    0.0071957538    0.0054622715    0.0071524170    
    0.0077886197    0.0062121438    0.0009489778    0.0030871561    
    0.0080037801    0.0026374049    0.0051162257    0.0035710304    
    0.0024856693    0.0057707366    0.0001112923    0.0062982411    
    0.0053620929    0.0064195814    0.0076398750    0.0043405850    
    0.0001094243    0.0002221596    0.0034169491    0.0002039426    
    0.0004182035    0.0007971040    0.0004252347    0.0063281297    
    0.0001064271    0.0003738007    0.0003639030    0.0024124377    
    0.0004693885    0.0002153863    0.0000010505    0.0004778952    
    0.0006239161    0.0023303323    0.0046712019    0.0033367479    
    0.0010851694    0.0011596559    0.0003251200    0.0023197162    
    0.0052392596    0.0009582273    0.0000117975    0.0002129379    
    0.0014417299    0.0007095548    0.0007080321    0.0021151757    
    0.0000010936    0.0002296476    0.0002110477    0.0003351272    
    0.0000010841    0.0002243477    0.0002145910    0.0000104689    
    0.0002128752    0.0000400978    0.0002158838    0.0009380490    
    0.0000000000    0.0001074173    0.0000904042    0.0000000000    
    0.0000000000    0.0000000000    0.0000000000    0.0000000000    
    0.0000000000    0.0004055667    0.0000000000    0.0001597469    
    0.0006224581    0.0003102887    0.0004309186    0.0002745800    
    0.0006208004    0.0003190610    0.0008137689    0.0004175157    
    0.0003296075    0.0000704231    0.0010972380    0.0004017985    
    0.0009959466    0.0007207571    0.0000427372    0.0004939702    
    0.0005305259    0.0000603455    0.0007278571    0.0007728730    
    0.0002426241    0.0006843554    0.0008477264    0.0003910037    
    0.0005468870    0.0000181045    0.0010455371    0.0001840239    
    0.0000982315    0.0000075478    0.0000031040    0.0000000000    
    0.0000110283    0.0000332425    0.0000794063    0.0000335179    
    0.0001470264    0.0000246340    0.0000991672    0.0000374821    
    0.0000409542    0.0000315842    0.0000741238    0.0000955883    
    0.0000000000    0.0000070857    0.0000749282    0.0000231685    
    0.0000030168    0.0027016159    0.0000378779    0.0000407672    
    0.0078667303    0.0034092063    0.0014885276    0.0080884165    
    0.0016940028    0.0018969516    0.0071154355    0.0072654603    
    0.0016208064    0.0034756425    0.0019148227    0.0001900774    
    0.0082887956    0.0031800919    0.0066288523    0.0018478155    
    0.0081014753    0.0053807981    0.0043222811    0.0037029667    
    0.0081964487    0.0069137501    0.0074308596    0.0027759470    
    0.0026547617    0.0080930855    0.0051550877    0.0048753789    
    0.0062313962    0.0052684755    0.0051339321    0.0026567113    
    0.0024702461    0.0018563767    0.0031766660    0.0078912852    
    0.0047768803    0.0001509728    0.0069465043    0.0074010032    
    0.0051558470    0.0072700923    0.0055664579    0.0074895611    
    0.0080129838    0.0059982746    0.0008898160    0.0029838744    
    0.0077503439    0.0025949667    0.0051700175    0.0035018396    
    0.0024835392    0.0057586554    0.0001136632    0.0062001025    
    0.0051556337    0.0063661103    0.0075902773    0.0044383299    
    0.0002300378    0.0006510278    0.0008218602    0.0003974755    
    0.0005468777    0.0000190852    0.0010184623    0.0001775530    
    0.0001031954    0.0000075339    0.0000031454    0.0000000000    
    0.0000119492    0.0000349272    0.0000856182    0.0000330103    
    0.0001459149    0.0000254965    0.0001056157    0.0000359502    
    0.0000415851    0.0000332805    0.0000751317    0.0000933922    
    0.0000000000    0.0000072643    0.0000786216    0.0000233187    
    0.0000031246    0.0025812470    0.0000383851    0.0000406322    
    0.0001036440    0.0002146467    0.0034865217    0.0001901453    
    0.0004233168    0.0008307358    0.0004149363    0.0061398346    
    0.0001058513    0.0003816880    0.0003429663    0.0024369180    
    0.0004848218    0.0002067901    0.0000010992    0.0494685990    
    0.0006210432    0.0022987504    0.0048616713    0.0031478615    
    0.0010974272    0.0011567641    0.0003548491    0.0022587824    
    0.0051112576    0.0009460856    0.0000110972    0.0002237593    
    0.0014629926    0.0007001949    0.0007644623    0.0021266884    
    0.0000010327    0.0002312742    0.0002155036    0.0003509728    
    0.0000010718    0.0002130772    0.0002046610    0.0000108684    
    0.0002193980    0.0000420391    0.0002166950    0.0009025728    
    0.0000000000    0.0001079272    0.0000953089    0.0000000000    
    0.0000000000    0.0000000000    0.0000000000    0.0000000000    
    0.0000000000    0.0420732366    0.0000000000    0.0001582346    
    0.0006483086    0.0003165280    0.0004069886    0.0002663217    
    0.0006242786    0.0003092636    0.0008039725    0.0004166069    
    0.0003078933    0.0000688894    0.0010451786    0.0004071436    
    0.0002106669    0.0003787196    0.0007746051    0.0000888942    
    0.0010128766    0.0006920841    0.0000396314    0.0004946634    
    0.0005558742    0.0000551674    0.0007299403    0.0007869078    
    0.0002423466    0.0006830438    0.0008011954    0.0003959434    
    0.0005152391    0.0000190133    0.0010706005    0.0001857710    
    0.0001029633    0.0000073434    0.0000030033    0.0000000000    
    0.0000119259    0.0000329571    0.0000800000    0.0000334970    
    0.0002120229    0.0003546483    0.0007193681    0.0000868720    
    0.0010245609    0.0006767953    0.0000390691    0.0005049712    
    0.0005728998    0.0000560150    0.0007560638    0.0008346429    
    0.0002468139    0.0006724622    0.0007833138    0.0003774897    
    0.0005226453    0.0000191659    0.0009961381    0.0001932245    
    0.0001033338    0.0000072281    0.0000030686    0.0000000000    
    0.0000111479    0.0000343047    0.0000782358    0.0000329668    
    0.0001459362    0.0000249935    0.0000976758    0.0000375088    
    0.0000401649    0.0000320576    0.0000722053    0.0000987440    
    0.0000000000    0.0000070148    0.0000754504    0.0000231336    
    0.0000032631    0.0025761738    0.0000399060    0.0000400945    
    0.0080464422    0.0035800794    0.0015140348    0.0085028872    
    0.0017735176    0.0020291190    0.0069337208    0.0071716471    
    0.0016748803    0.0032435633    0.0019430935    0.0001945285    
    0.0081270904    0.0030068517    0.0063157239    0.0018779327    
    0.0080545331    0.0052174337    0.0044128888    0.0038752846    
    0.0078089029    0.0071253276    0.0075379075    0.0028330394    
    0.0024821680    0.0075032524    0.0052479891    0.0048349127    
    0.0063252867    0.0053106230    0.0051722342    0.0025259888    
    0.0024856518    0.0018354443    0.0032060179    0.0080509915    
    0.0047688852    0.0001492307    0.0074649716    0.0073409892    
    0.0050677028    0.0073553200    0.0052393757    0.0072072370    
    0.0079832731    0.0059766251    0.0009014342    0.0030386622    
    0.0078661258    0.0027409992    0.0047928754    0.0034839796    
    0.0025361990    0.0056559974    0.0001080883    0.0059783079    
    0.0051721389    0.0067995118    0.0076824045    0.0043427224    
    0.0001003057    0.0002185383    0.0034447672    0.0001941195    
    0.0004168028    0.0008161657    0.0004062166    0.0061296963    
    0.0001077976    0.0003653407    0.0003508397    0.0025117435    
    0.0004638508    0.0002119506    0.0000010126    0.0004784753    
    0.0006475247    0.0022544930    0.0044950013    0.0034051960    
    0.0010278925    0.0011567421    0.0003345424    0.0024116692    
    0.0054805643    0.0009018508    0.0000111357    0.0002185521    
    0.0014065047    0.0006856184    0.0007365138    0.0020633619    
    0.0000010081    0.0002172775    0.0002128386    0.0003528454    
    0.0000010905    0.0002252226    0.0002188697    0.0000107439    
    0.0002111166    0.0000418080    0.0002000879    0.0009528822    
    0.0000000000    0.0001035179    0.0000936948    0.0000000000    
    0.0000000000    0.0000000000    0.0000000000    0.0000000000    
    0.0000000000    0.0004032192    0.0000000000    0.0001540749    
    0.0006082365    0.0003036373    0.0004221626    0.0002544795    
    0.0006291827    0.0003205537    0.0008484386    0.0004122211    
    0.0003296996    0.0000688940    0.0010725426    0.0004199272    
    0.0009682888    0.0006790849    0.0000395751    0.0004947026    
    0.0005444725    0.0000574788    0.0007193305    0.0008100433    
    0.0002458346    0.0006817810    0.0008376787    0.0003813676    
    0.0005563005    0.0000182207    0.0010650055    0.0001920995    
    0.0000987066    0.0000073115    0.0000031965    0.0000000000    
    0.0000118931    0.0000320538    0.0000782885    0.0000320622    
    0.0001452916    0.0000247265    0.0000977430    0.0000369922    
    0.0000394141    0.0000331857    0.0000776723    0.0000930392    
    0.0000000000    0.0000070395    0.0000797756    0.0000237490    
    0.0000031535    0.0026326588    0.0000380599    0.0000405901    
    0.0080057514    0.0036051706    0.0015358453    0.0081911675    
    0.0017286836    0.0019323192    0.0069810029    0.0069522732    
    0.0016410201    0.0035337147    0.0018393046    0.0001861517    
    0.0079322319    0.0030693727    0.0066707016    0.0018499154    
    0.0085928682    0.0053148808    0.0041972355    0.0035996155    
    0.0078354298    0.0068724537    0.0076503295    0.0026940491    
    0.0026190728    0.0079126489    0.0050992497    0.0050412947    
    0.0062630451    0.0052938593    0.0049849744    0.0025463407    
    0.0025463479    0.0019064012    0.0030254646    0.0083329477    
    0.0048339935    0.0001517881    0.0073102520    0.0070848725    
    0.0049669058    0.0070926071    0.0053030824    0.0072155398    
    0.0082718264    0.0065220765    0.0009185296    0.0030818073    
    0.0076276893    0.0026576137    0.0049000430    0.0035558300    
    0.0024805512    0.0054364262    0.0001092635    0.0061909655    
    0.0054058311    0.0064743486    0.0074067878    0.0042136847    
    0.0002302689    0.0006412224    0.0008490806    0.0004020762    
    0.0005564840    0.0000193624    0.0010431986    0.0001913067    
    0.0000995544    0.0000073691    0.0000030194    0.0000000000    
    0.0000120813    0.0000337443    0.0000802566    0.0000324348    
    0.0001451003    0.0000262881    0.0001022851    0.0000376801    
    0.0000414132    0.0000312501    0.0000784885    0.0000986369    
    0.0000000000    0.0000073214    0.0000753755    0.0000230597    
    0.0000030762    0.0026068403    0.0000402851    0.0000424123













    
    
    
    
    
    
    
    
    
    
    
    
    
    
    
    
    
    
    
    
    
    
    
    
    
    
    
    
    
    
    
    
    
    
    
    
    
    
    
    
    
    
    
    
    
    
    
    
    
    
    
    
    
    
    
    
    
    
    
    
    
    
    
    
    
    
    
    
    
    
    
    
    
    
    
    
    
    
    
    
    
    
    
    
    
    
    
    
    
    
    
    
    
    
    
    
    
    
    
    
    
    
    
    
    
    
    
    
    
    
    
    
    
    
    
    
    
    
    
    
    
    
    
    
    
    
    
    
    
    
    
    
    
    
    
    
    
    
    
    
    
    
    
    
    
    
    
    
    
    
    
    
    
    
    
    
    
    
    
    
    
    
    
    
    
    
    
    
    
    
    
    
    
    
    
    
    
    
    
    
    
    
    
    
    
    
    
    
    
    
    
    
    
    
    
    
    
    
    
    
    
    
    
    
    
    
    
    
    
    
    
    
    
    
    
    
    
    
    
    
    
    
    
    
    
    
    
    
    
    
    
    
    
    
    
    
    
    
    
    
    
    
    
    
    
    
    
    
    
    
    
    
    
    
    
    
    
    
    
    
    
    
    
    
    
    
    
    
    
    
    
    
    
    
    
    
    
    
    
    
    
    
    
    
    
    
    
    
    
    
    
    
    
    
    
    
    
    
    
    
