    0.0060434406    0.0197867511    0.0000009344    0.0000042643    
    0.0139210816    0.0216029468    0.0000140632    0.0000089869    
    0.0078202176    0.0194663233    0.0000048572    0.0000033670    
    0.0142935153    0.0202599374    0.0000146351    0.0000053385    
    0.0091193826    0.0153092100    0.0000076693    0.0000075348    
    0.0129870326    0.0245167199    0.0000097715    0.0000035949    
    0.0094186461    0.0174637923    0.0000072791    0.0000002367    
    0.0124528255    0.0217462017    0.0000026732    0.0000016457    
    0.0060052210    0.0181646157    0.0000036152    0.0000039968    
    0.0136882821    0.0200441776    0.0000065835    0.0000100509    
    0.0072991872    0.0167234980    0.0000056229    0.0000014821    
    0.0149963436    0.0200180752    0.0000071632    0.0000128011    
    0.0072979273    0.0174583793    0.0000026748    0.0000058308    
    0.0135721916    0.0227616603    0.0000056987    0.0000084415    
    0.0074736287    0.0158601099    0.0000038072    0.0000039762    
    0.0111758393    0.0237687418    0.0000045444    0.0000013951    
    0.0097116994    0.0163183948    0.0000073966    0.0000072113    
    0.0138174531    0.0212812500    0.0000063378    0.0000094153    
    0.0090327551    0.0152459237    0.0000001861    0.0000006263    
    0.0117111844    0.0205377594    0.0000044921    0.0000095678    
    0.0081204144    0.0167186284    0.0000025737    0.0000022318    
    0.0125552822    0.0225196288    0.0000019416    0.0000051675    
    0.0071815317    0.0186943889    0.0000056800    0.0000059353    
    0.0148551933    0.0222486710    0.0000026231    0.0000087705    
    0.0091221706    0.0151461736    0.0000048677    0.0000006048    
    0.0111980615    0.0224752241    0.0000036418    0.0000024754    
    0.0072647061    0.0171825661    0.0000019598    0.0000039001    
    0.0134711762    0.0214234027    0.0000138489    0.0000088358    
    0.0089871660    0.0185129765    0.0000019985    0.0000045630    
    0.0134357996    0.0211984239    0.0000085312    0.0000136237    
    0.0089497510    0.0198621944    0.0000012021    0.0000073607    
    0.0101996694    0.0248476355    0.0000037368    0.0000072700    
    0.0068564125    0.0153262110    0.0000033998    0.0000041447    
    0.0115402553    0.0225262025    0.0000094976    0.0000046889    
    0.0078907869    0.0153198711    0.0000027952    0.0000011046    
    0.0122924716    0.0239378793    0.0000053594    0.0000069993    
    0.0095720895    0.0167559296    0.0000031148    0.0000038856    
    0.0147634557    0.0229031389    0.0000075202    0.0000127720    
    0.0072321990    0.0152345442    0.0000025447    0.0000022552    
    0.0109718863    0.0218643804    0.0000066014    0.0000101433    
    0.0062548355    0.0182160866    0.0000029604    0.0000036806    
    0.0149439000    0.0202835958    0.0000088622    0.0000068934    
    0.0076951872    0.0186673237    0.0000044560    0.0000012043    
    0.0141545207    0.0242222204    0.0000049503    0.0000099989    
    0.0095336911    0.0189031737    0.0000057893    0.0000069769    
    0.0125166488    0.0236687909    0.0000116885    0.0000109613    
    0.0068345415    0.0153268037    0.0000030187    0.0000048103    
    0.0102932980    0.0246994751    0.0000049729    0.0000038033    
    0.0063311123    0.0176891817    0.0000041366    0.0000030766    
    0.0130588468    0.0211809596    0.0000055190    0.0000127138    
    0.0098305064    0.0185948632    0.0000011763    0.0000013992    
    0.0128448470    0.0248253896    0.0000122264    0.0000124370    
    0.0072880728    0.0175486181    0.0000054739    0.0000059140    
    0.0132422753    0.0207872580    0.0000029840    0.0000059543    
    0.0060555741    0.0192030787    0.0000045824    0.0000039904    
    0.0126376281    0.0249898854    0.0000091063    0.0000093726    
    0.0068857564    0.0176065885    0.0000052953    0.0000049424    
    0.0143343617    0.0224031004    0.0000068192    0.0000026309    
    0.0066030529    0.0187523236    0.0000049767    0.0000031960    
    0.0109146098    0.0200612854    0.0000102865    0.0000063366    
    0.0094480763    0.0170898339    0.0000065302    0.0000007622    
    0.0111359465    0.0231865103    0.0000049472    0.0000019409    
    0.0069574670    0.0171735336    0.0000057335    0.0000004605    
    0.0146379893    0.0244517522    0.0000129804    0.0000109524    
    0.0066580200    0.0195254982    0.0000033546    0.0000028026    
    0.0139266884    0.0231306528    0.0000127042    0.0000053795    
    0.0083629776    0.0174705650    0.0000044949    0.0000048588    
    0.0109776927    0.0223775308    0.0000082617    0.0000080286    
    0.0060695250    0.0163213896    0.0000035015    0.0000003994    
    0.0129420077    0.0227707610    0.0000110810    0.0000134511    
    0.0056361131    0.0161567983    0.0000012736    0.0000017119    
    0.0143651790    0.0223583767    0.0000074383    0.0000120462    
    0.0050762375    0.0174401825    0.0000017241    0.0000031621    
    0.0147438482    0.0215696267    0.0000022789    0.0000154078    
    0.0057276320    0.0175305876    0.0000042682    0.0000034646    
    0.0122261387    0.0222732977    0.0000051303    0.0000105477    
    0.0078298133    0.0183137349    0.0000016467    0.0000066444    
    0.0121272311    0.0206530881    0.0000070543    0.0000119826    
    0.0081635995    0.0183380766    0.0000067476    0.0000043309    
    0.0120054997    0.0229086835    0.0000066642    0.0000091038    
    0.0072916354    0.0191005180    0.0000031720    0.0000005843    
    0.0118234509    0.0238180022    0.0000030463    0.0000066933    
    0.0092114834    0.0160341616    0.0000050190    0.0000079139    
    0.0146742499    0.0229520327    0.0000076885    0.0000116974    
    0.0069966313    0.0189073672    0.0000004402    0.0000005108    
    0.0140162647    0.0214960783    0.0000022920    0.0000073773    
    0.0060938819    0.0179104104    0.0000028327    0.0000035707    
    0.0146302353    0.0243854382    0.0000050089    0.0000042798    
    0.0063360522    0.0175200751    0.0000052948    0.0000054238    
    0.0140009053    0.0237330117    0.0000110164    0.0000025182    
    0.0054796768    0.0196504947    0.0000048986    0.0000004506    
    0.0131443524    0.0225834289    0.0000111299    0.0000126805    
    0.0089668828    0.0165964902    0.0000020596    0.0000046582    
    0.0115684152    0.0243232328    0.0000050714    0.0000111157    
    0.0065319951    0.0167300333    0.0000004797    0.0000045723    
    0.0149024585    0.0239995009    0.0000061808    0.0000098418    
    0.0075021758    0.0190362037    0.0000066989    0.0000039534    
    0.0123578205    0.0209142957    0.0000018205    0.0000088165    
    0.0088667408    0.0170546499    0.0000048337    0.0000046623    
    0.0108473610    0.0205640577    0.0000019146    0.0000023119    
    0.0084801775    0.0185163108    0.0000015101    0.0000008802    
    0.0132244838    0.0238759112    0.0000052168    0.0000102643    
    0.0061285859    0.0156149780    0.0000002424    0.0000029647    
    0.0113695101    0.0226777059    0.0000072523    0.0000049422    
    0.0067826255    0.0193506413    0.0000042254    0.0000041796    
    0.0145997958    0.0231136741    0.0000099128    0.0000157702    
    0.0077014675    0.0193018039    0.0000065140    0.0000049631    
    0.0126809373    0.0200353463    0.0000104306    0.0000014868    
    0.0077713474    0.0195585137    0.0000001588    0.0000065849    
    0.0103292222    0.0200452358    0.0000030436    0.0000053692    
    0.0087950634    0.0166933654    0.0000004465    0.0000032860    
    0.0101253695    0.0249571109    0.0000049780    0.0000101593    
    0.0090695666    0.0168836356    0.0000055731    0.0000009094    
    0.0118525752    0.0228343525    0.0000058205    0.0000056993    
    0.0081359955    0.0186165785    0.0000052183    0.0000008204    
    0.0128571544    0.0235537790    0.0000067545    0.0000090953    
    0.0058042746    0.0178428111    0.0000000719    0.0000005471    
    0.0123591353    0.0205303106    0.0000050598    0.0000095658    
    0.0091000464    0.0162256257    0.0000012033    0.0000078429    
    0.0135289626    0.0213555982    0.0000047701    0.0000131490    
    0.0061151079    0.0160223112    0.0000047354    0.0000047117    
    0.0105035632    0.0226921403    0.0000093108    0.0000043514    
    0.0096447507    0.0161080467    0.0000045882    0.0000023810    
    0.0122417599    0.0242128409    0.0000032838    0.0000121737    
    0.0062339497    0.0185767938    0.0000043259    0.0000008458    
    0.0132071325    0.0233949482    0.0000000001    0.0000000001    
    0.0086288398    0.0172481703    0.0000000001    0.0000000001    
    0.0137096312    0.0235115554    0.0000000001    0.0000000001    
    0.0059134925    0.0191855135    0.0000000001    0.0000000001    
    0.0119235136    0.0242726997    0.0000000001    0.0000000001    
    0.0079135898    0.0156969203    0.0000000001    0.0000000001    
    0.0145667462    0.0206194687    0.0000000002    0.0000000002    
    0.0067818423    0.0154455550    0.0000000001    0.0000000001    
    0.0107066414    0.0238537281    0.0000000001    0.0000000001    
    0.0075099702    0.0183379080    0.0000000001    0.0000000001    
    0.0136422297    0.0215471150    0.0000000001    0.0000000001    
    0.0052578445    0.0168241074    0.0000000001    0.0000000001    
    0.0101834415    0.0233568149    0.0000000001    0.0000000001    
    0.0054465287    0.0188997861    0.0000000001    0.0000000001    
    0.0125793968    0.0200595146    0.0000000001    0.0000000001    
    0.0063682852    0.0158211623    0.0000000001    0.0000000001    
    0.0120104825    0.0224772894    0.0000000001    0.0000000001    
    0.0095571906    0.0159515312    0.0000000001    0.0000000001    
    0.0124197775    0.0205318493    0.0000000001    0.0000000001    
    0.0083903883    0.0196812829    0.0000000001    0.0000000001    
    0.0112877939    0.0249239686    0.0000000001    0.0000000001    
    0.0080083447    0.0182025093    0.0000000001    0.0000000001    
    0.0129080895    0.0226574448    0.0000000001    0.0000000001    
    0.0065005288    0.0179979363    0.0000000001    0.0000000001    
    0.0148024506    0.0233017247    0.0000000002    0.0000000002    
    0.0054052686    0.0180770643    0.0000000001    0.0000000001    
    0.0147052537    0.0221048089    0.0000000002    0.0000000001    
    0.0098661386    0.0153077546    0.0000000001    0.0000000001    
    0.0117907337    0.0245964930    0.0000000001    0.0000000001    
    0.0063361870    0.0151213694    0.0000000001    0.0000000001    
    0.0114027329    0.0218790087    0.0000000001    0.0000000001    
    0.0065907966    0.0166622551    0.0000000001    0.0000000001    
    0.0131102645    0.0243644555    0.0000000001    0.0000000001    
    0.0080425255    0.0169344499    0.0000000001    0.0000000001    
    0.0147549322    0.0242555456    0.0000000002    0.0000000002    
    0.0079508752    0.0189784452    0.0000000001    0.0000000001    
    0.0128464754    0.0211913749    0.0000000001    0.0000000001    
    0.0099049482    0.0164512218    0.0000000001    0.0000000001    
    0.0132592366    0.0202189352    0.0000000001    0.0000000001    
    0.0067841132    0.0164286532    0.0000000001    0.0000000001    
    0.0145531499    0.0205563302    0.0000000002    0.0000000002    
    0.0060148671    0.0167641542    0.0000000001    0.0000000001    
    0.0125190528    0.0205654650    0.0000000001    0.0000000001    
    0.0051315886    0.0164750288    0.0000000000    0.0000000000    
    0.0141782089    0.0225577971    0.0000000001    0.0000000001    
    0.0099291357    0.0178391164    0.0000000001    0.0000000001    
    0.0109298021    0.0207217666    0.0000000001    0.0000000001    
    0.0092312910    0.0194540986    0.0000000001    0.0000000001    
    0.0126208537    0.0247388459    0.0000000001    0.0000000001    
    0.0083981102    0.0181321362    0.0000000001    0.0000000001    
    0.0138878641    0.0242356273    0.0000000001    0.0000000001    
    0.0077277561    0.0183246571    0.0000000001    0.0000000001    
    0.0105041768    0.0200594569    0.0000000001    0.0000000001    
    0.0081832837    0.0186877714    0.0000000001    0.0000000001    
    0.0122910766    0.0206240265    0.0000000001    0.0000000001    
    0.0061054434    0.0173995162    0.0000000001    0.0000000001    
    0.0138514441    0.0201315941    0.0000000001    0.0000000001    
    0.0076419383    0.0161421990    0.0000000001    0.0000000001    
    0.0132620761    0.0232519221    0.0000000001    0.0000000001    
    0.0051429278    0.0150581908    0.0000000000    0.0000000000    
    0.0123874955    0.0231334789    0.0000000001    0.0000000001    
    0.0095655172    0.0164339500    0.0000000001    0.0000000001    
    0.0141098682    0.0237137288    0.0000000001    0.0000000001    
    0.0083924964    0.0198987998    0.0000000001    0.0000000001    
    0.0105334759    0.0231893127    0.0000000001    0.0000000001    
    0.0080975339    0.0175198245    0.0000000001    0.0000000001    
    0.0149287443    0.0222445520    0.0000000002    0.0000000002    
    0.0088665282    0.0182107361    0.0000000001    0.0000000001    
    0.0120889543    0.0242706436    0.0000000001    0.0000000001    
    0.0071370292    0.0187568588    0.0000000001    0.0000000001    
    0.0107072207    0.0242116965    0.0000000001    0.0000000001    
    0.0070335053    0.0191157863    0.0000000001    0.0000000001    
    0.0134037474    0.0207851009    0.0000000001    0.0000000001    
    0.0096215196    0.0193905324    0.0000000001    0.0000000001    
    0.0141122442    0.0231231536    0.0000000001    0.0000000001    
    0.0088111284    0.0191238301    0.0000000001    0.0000000001    
    0.0115982311    0.0208116446    0.0000000001    0.0000000001    
    0.0057994813    0.0176708042    0.0000000001    0.0000000001    
    0.0109460547    0.0208177482    0.0000000001    0.0000000001    
    0.0076344986    0.0166146099    0.0000000001    0.0000000001    
    0.0126856015    0.0201800860    0.0000000001    0.0000000001    
    0.0068209129    0.0180701945    0.0000000001    0.0000000001    
    0.0124749606    0.0217892336    0.0000000001    0.0000000001    
    0.0076357855    0.0183485951    0.0000000001    0.0000000001    
    0.0118976532    0.0214480466    0.0000000001    0.0000000001    
    0.0051543136    0.0198120752    0.0000000000    0.0000000001    
    0.0127155970    0.0244320451    0.0000000001    0.0000000001    
    0.0069829515    0.0189723242    0.0000000001    0.0000000001    
    0.0143523205    0.0227379314    0.0000000002    0.0000000001    
    0.0078619875    0.0187851876    0.0000000001    0.0000000001    
    0.0131090105    0.0247888741    0.0000000001    0.0000000001    
    0.0060562848    0.0177346590    0.0000000001    0.0000000001    
    0.0131363084    0.0245372743    0.0000000001    0.0000000001    
    0.0097637060    0.0155272478    0.0000000001    0.0000000001    
    0.0143652565    0.0203543004    0.0000000002    0.0000000002    
    0.0060109337    0.0158834266    0.0000000001    0.0000000001    
    0.0128653521    0.0242038590    0.0000000001    0.0000000001    
    0.0074585780    0.0193910950    0.0000000001    0.0000000001    
    0.0138892863    0.0247785934    0.0000000001    0.0000000001    
    0.0098456434    0.0166104131    0.0000000001    0.0000000001    
    0.0110493188    0.0238104822    0.0000000001    0.0000000001    
    0.0082853618    0.0196774686    0.0000000001    0.0000000001    
    0.0127339993    0.0225956342    0.0000000001    0.0000000001    
    0.0058440416    0.0193408936    0.0000000001    0.0000000001    
    0.0139664400    0.0240796159    0.0000000001    0.0000000001    
    0.0051804924    0.0191481471    0.0000000000    0.0000000001    
    0.0103949661    0.0207605214    0.0000000001    0.0000000001    
    0.0098152881    0.0176271904    0.0000000001    0.0000000001    
    0.0134017260    0.0206532971    0.0000000001    0.0000000001    
    0.0061396083    0.0176094906    0.0000000001    0.0000000001    
    0.0141785198    0.0229542704    0.0000000001    0.0000000001    
    0.0072618581    0.0154200372    0.0000000001    0.0000000001    
    0.0122229941    0.0241706202    0.0000000001    0.0000000001    
    0.0058633118    0.0174464637    0.0000000001    0.0000000001    
    0.0105256196    0.0225018997    0.0000000001    0.0000000001    
    0.0062066693    0.0152506937    0.0000000001    0.0000000001    
    0.0145667078    0.0213929169    0.0000000001    0.0000000002    
    0.0092499670    0.0157846741    0.0000000001    0.0000000001    
    0.0120153076    0.0235194653    0.0000000001    0.0000000001    
    0.0091866912    0.0182552809    0.0000000001    0.0000000001    
    0.0112219575    0.0238216684    0.0000000001    0.0000000001    
    0.0082458151    0.0160184537    0.0000000001    0.0000000001    
    0.0139021092    0.0249377708    0.0000000001    0.0000000001    
    0.0055876023    0.0187758185    0.0000000001    0.0000000001    
    0.0120858964    0.0217690232    0.0000000001    0.0000000001    
    0.0081018449    0.0188935818    0.0000000001    0.0000000001    
    0.0142420734    0.0240159160    0.0000000002    0.0000000001    
    0.0075379946    0.0153630669    0.0000000001    0.0000000001    
    0.0111537698    0.0216734761    0.0000000001    0.0000000001    
    0.0081114864    0.0167536590    0.0000000001    0.0000000001    
    0.0121052276    0.0239859256    0.0000000001    0.0000000001    
    0.0075305422    0.0167019791    0.0000000001    0.0000000001    
    0.0116658730    0.0217310019    0.0000000001    0.0000000001    
    0.0076829268    0.0190557575    0.0000000001    0.0000000001    
    0.0129875231    0.0200974721    0.0000000001    0.0000000001    
    0.0061763396    0.0192349946    0.0000000001    0.0000000001    
    0.0129958915    0.0228167425    0.0000000001    0.0000000001    
    0.0060935932    0.0197661712    0.0000000001    0.0000000001    
    0.0139052486    0.0219934323    0.0000000002    0.0000000001    
    0.0089666694    0.0155131022    0.0000000001    0.0000000001    
    0.0133503354    0.0224180476    0.0000000001    0.0000000001    
    0.0097393138    0.0185934205    0.0000000001    0.0000000001    
    0.0140198302    0.0233074640    0.0000000002    0.0000000001    
    0.0097657465    0.0150798598    0.0000000001    0.0000000001    
    0.0136425425    0.0243239490    0.0000000001    0.0000000001    
    0.0076429104    0.0194032227    0.0000000001    0.0000000001    
    0.0140229996    0.0202378463    0.0000000001    0.0000000001    
    0.0095830792    0.0180865548    0.0000000001    0.0000000001    
    0.0101722960    0.0220119711    0.0000000001    0.0000000001    
    0.0063558805    0.0180703274    0.0000000001    0.0000000001    
    0.0146687644    0.0215336901    0.0000000002    0.0000000002    
    0.0083337844    0.0157499512    0.0000000001    0.0000000001    
    0.0130769723    0.0217987348    0.0000000001    0.0000000001    
    0.0069254399    0.0173388411    0.0000000001    0.0000000001    
    0.0107892907    0.0228108553    0.0000000001    0.0000000001    
    0.0080107842    0.0166143411    0.0000000001    0.0000000001    
    0.0131822277    0.0221950001    0.0000000001    0.0000000001    
    0.0095335560    0.0183929362    0.0000000001    0.0000000001    
    0.0132766112    0.0216283299    0.0000000001    0.0000000001    
    0.0057328584    0.0162920126    0.0000000001    0.0000000001    
    0.0109156898    0.0213489843    0.0000000001    0.0000000001    
    0.0079508692    0.0177240112    0.0000000001    0.0000000001    
    0.0101983709    0.0248559309    0.0000000001    0.0000000001    
    0.0063307050    0.0168853618    0.0000000001    0.0000000001    
    0.0136916354    0.0211618454    0.0000000001    0.0000000001    
    0.0075724572    0.0199426288    0.0000000001    0.0000000001    
    0.0108654248    0.0202227221    0.0000000001    0.0000000001    
    0.0068038927    0.0177939743    0.0000000001    0.0000000001    
    0.0143231715    0.0224471079    0.0000000002    0.0000000002    
    0.0095025907    0.0190468214    0.0000000001    0.0000000001    
    0.0119725449    0.0231705610    0.0000000001    0.0000000001    
    0.0095941008    0.0160830001    0.0000000001    0.0000000001    
    0.0112082163    0.0229099715    0.0000000001    0.0000000001    
    0.0060498419    0.0169947360    0.0000000001    0.0000000001    
    0.0122445234    0.0220783996    0.0000000001    0.0000000001    
    0.0055397924    0.0174082670    0.0000000001    0.0000000001    
    0.0129698941    0.0210483911    0.0000000001    0.0000000001    
    0.0062157368    0.0172292549    0.0000000001    0.0000000001    
    0.0126873277    0.0224474574    0.0000000001    0.0000000001    
    0.0097769277    0.0159464239    0.0000000001    0.0000000001    
    0.0105735078    0.0219788506    0.0000000001    0.0000000001    
    0.0095991968    0.0169428951    0.0000000001    0.0000000001    
    0.0111285340    0.0215771200    0.0000000001    0.0000000001    
    0.0088662999    0.0169295131    0.0000000001    0.0000000001    
    0.0109347100    0.0202039988    0.0000000001    0.0000000001    
    0.0053541826    0.0175941387    0.0000000001    0.0000000000    
    0.0123795165    0.0246149221    0.0000000001    0.0000000001    
    0.0082393767    0.0169020994    0.0000000001    0.0000000001    
    0.0131277956    0.0248422201    0.0000000001    0.0000000001    
    0.0060602365    0.0179341633    0.0000000001    0.0000000001    
    0.0126704686    0.0225313911    0.0000000001    0.0000000001    
    0.0069607994    0.0150701964    0.0000000001    0.0000000001    
    0.0113971271    0.0247738831    0.0000000001    0.0000000001    
    0.0072634862    0.0181418208    0.0000000001    0.0000000001    
    0.0104905861    0.0218127963    0.0000000001    0.0000000001    
    0.0068778227    0.0189277814    0.0000000001    0.0000000001    
    0.0145521083    0.0206913274    0.0000000002    0.0000000002    
    0.0083595198    0.0162040994    0.0000000001    0.0000000001    
    0.0131792066    0.0235854360    0.0000000001    0.0000000001    
    0.0089687525    0.0163564210    0.0000000001    0.0000000001    
    0.0113224354    0.0203728148    0.0000000001    0.0000000001    
    0.0087718442    0.0187757629    0.0000000001    0.0000000001    
    0.0102585571    0.0206249850    0.0000000001    0.0000000001    
    0.0091734249    0.0161710158    0.0000000001    0.0000000001    
    0.0111300284    0.0227377684    0.0000000001    0.0000000001    
    0.0073758031    0.0156253525    0.0000000001    0.0000000001    
    0.0127827587    0.0242558247    0.0000000001    0.0000000001    
    0.0056579284    0.0192854384    0.0000000001    0.0000000001    
    0.0139051678    0.0213750863    0.0000000001    0.0000000002    
    0.0092537191    0.0185879723    0.0000000001    0.0000000001    
    0.0101185726    0.0224489742    0.0000000001    0.0000000001    
    0.0096877911    0.0172761423    0.0000000001    0.0000000001    
    0.0132105359    0.0237289040    0.0000000001    0.0000000001    
    0.0093020305    0.0197496401    0.0000000001    0.0000000001    
    0.0125791988    0.0241644586    0.0000000001    0.0000000001    
    0.0070069354    0.0167127426    0.0000000001    0.0000000001    
    0.0103946638    0.0204371951    0.0000000001    0.0000000001    
    0.0083313788    0.0153641295    0.0000000001    0.0000000001    
    0.0143431517    0.0236471852    0.0000000002    0.0000000001    
    0.0060661265    0.0174142576    0.0000000001    0.0000000001    
    0.0135182270    0.0213054267    0.0000000001    0.0000000001    
    0.0084190048    0.0169647459    0.0000000001    0.0000000001    
    0.0140130174    0.0230935811    0.0000000001    0.0000000001    
    0.0091829377    0.0178036915    0.0000000001    0.0000000001    
    0.0138860505    0.0208688134    0.0000000001    0.0000000002    
    0.0076351244    0.0171898496    0.0000000001    0.0000000001    
    0.0141268001    0.0224215828    0.0000000001    0.0000000001    
    0.0071773123    0.0165041591    0.0000000001    0.0000000001    
    0.0126145845    0.0235884384    0.0000000001    0.0000000001    
    0.0092448600    0.0179289914    0.0000000001    0.0000000001    
    0.0144324073    0.0230936010    0.0000000001    0.0000000002    
    0.0085239031    0.0174853918    0.0000000001    0.0000000001    
    0.0110327341    0.0219403396    0.0000000001    0.0000000001    
    0.0052691828    0.0169518719    0.0000000001    0.0000000000    
    0.0144454160    0.0246039050    0.0000000001    0.0000000002    
    0.0073266759    0.0171590339    0.0000000001    0.0000000001    
    0.0135620903    0.0230065477    0.0000000001    0.0000000001    
    0.0074955726    0.0166894572    0.0000000001    0.0000000001    
    0.0132469340    0.0211864216    0.0000000001    0.0000000001    
    0.0074226185    0.0182478219    0.0000000001    0.0000000001    
    0.0101346857    0.0210739442    0.0000000001    0.0000000001    
    0.0064560605    0.0158499046    0.0000000001    0.0000000001    
    0.0127629979    0.0248633981    0.0000000001    0.0000000001    
    0.0055978403    0.0169428070    0.0000000001    0.0000000001    
    0.0139494034    0.0228118764    0.0000000001    0.0000000002    
    0.0051251912    0.0191345890    0.0000000001    0.0000000000    
    0.0134385816    0.0244118617    0.0000000001    0.0000000001    
    0.0069771366    0.0199739591    0.0000000001    0.0000000001    
    0.0136914126    0.0241050200    0.0000000001    0.0000000001    
    0.0095056390    0.0169088478    0.0000000001    0.0000000001    
    0.0149790948    0.0213385724    0.0000000002    0.0000000002    
    0.0063686319    0.0162020984    0.0000000001    0.0000000001    
    0.0137429340    0.0238630147    0.0000000001    0.0000000001    
    0.0074710786    0.0163144191    0.0000000001    0.0000000001    
    0.0147895878    0.0203729726    0.0000000002    0.0000000002    
    0.0085869546    0.0184744207    0.0000000001    0.0000000001    
    0.0143038355    0.0206755846    0.0000000002    0.0000000002    
    0.0061249337    0.0172183922    0.0000000001    0.0000000001    
    0.0103955589    0.0206627046    0.0000000001    0.0000000001    
    0.0063048054    0.0180346997    0.0000000001    0.0000000001    
    0.0140375722    0.0237092194    0.0000000002    0.0000000001    
    0.0083716027    0.0151638650    0.0000000001    0.0000000001    
    0.0136293217    0.0239076289    0.0000000001    0.0000000001    
    0.0065510850    0.0154778337    0.0000000001    0.0000000001    
    0.0107762462    0.0242511221    0.0000000001    0.0000000001    
    0.0099999457    0.0180954361    0.0000000001    0.0000000001    
    0.0114564604    0.0237152745    0.0000000001    0.0000000001    
    0.0092128470    0.0185575458    0.0000000001    0.0000000001    
    0.0103564063    0.0234015962    0.0000000001    0.0000000001    
    0.0053457429    0.0191253491    0.0000000001    0.0000000001    
    0.0125983578    0.0231235656    0.0000000001    0.0000000001    
    0.0080874687    0.0164404532    0.0000000001    0.0000000001    
    0.0107966793    0.0218075127    0.0000000001    0.0000000001    
    0.0076149816    0.0179630294    0.0000000001    0.0000000001    
    0.0144302534    0.0241082113    0.0000000002    0.0000000001    
    0.0082022117    0.0163074565    0.0000000001    0.0000000001    
    0.0110706672    0.0205359299    0.0000000001    0.0000000001    
    0.0080621814    0.0163317284    0.0000000001    0.0000000001    
    0.0128940846    0.0227330793    0.0000000001    0.0000000001    
    0.0057405259    0.0164516997    0.0000000001    0.0000000001    
    0.0142483460    0.0248299835    0.0000000002    0.0000000001    
    0.0093899214    0.0188009466    0.0000000001    0.0000000001    
    0.0140520892    0.0235500476    0.0000000001    0.0000000001    
    0.0073147351    0.0157120846    0.0000000001    0.0000000001    
    0.0133349943    0.0211570532    0.0000000001    0.0000000001    
    0.0051490783    0.0181065934    0.0000000000    0.0000000000    
    0.0100253386    0.0215783447    0.0000000001    0.0000000001    
    0.0087313557    0.0182673143    0.0000000001    0.0000000001    
    0.0128980727    0.0231438769    0.0000000001    0.0000000001    
    0.0070814161    0.0195676263    0.0000000001    0.0000000001    
    0.0123587480    0.0235902331    0.0000000001    0.0000000001    
    0.0096032963    0.0165378400    0.0000000001    0.0000000001    
    0.0117596161    0.0217546143    0.0000000001    0.0000000001    
    0.0058320234    0.0195225553    0.0000000001    0.0000000001    
    0.0126684562    0.0208693743    0.0000000001    0.0000000001    
    0.0074579470    0.0195814845    0.0000000001    0.0000000001    
    0.0145568169    0.0249584054    0.0000000002    0.0000000002    
    0.0097097885    0.0152875581    0.0000000001    0.0000000001    
    0.0137810701    0.0221122921    0.0000000001    0.0000000001    
    0.0067139364    0.0196008010    0.0000000001    0.0000000001    
    0.0104697044    0.0203728963    0.0000000001    0.0000000001    
    0.0053816964    0.0193040343    0.0000000000    0.0000000000    
    0.0112348855    0.0229185600    0.0000000001    0.0000000001    
    0.0090583404    0.0188945413    0.0000000001    0.0000000001    
    0.0113597568    0.0216182844    0.0000000001    0.0000000001    
    0.0077708188    0.0174766667    0.0000000001    0.0000000001    
    0.0117594711    0.0230648208    0.0000000001    0.0000000001    
    0.0073389805    0.0169087118    0.0000000001    0.0000000001    
    0.0120264183    0.0240955630    0.0000000001    0.0000000001    
    0.0071166095    0.0180976749    0.0000000001    0.0000000001    
    0.0124071743    0.0244522183    0.0000000001    0.0000000001    
    0.0055257672    0.0164824337    0.0000000001    0.0000000001    
    0.0144715444    0.0203850514    0.0000000002    0.0000000002    
    0.0071622122    0.0188323148    0.0000000001    0.0000000001    
    0.0139640857    0.0239485488    0.0000000001    0.0000000001    
    0.0069881381    0.0196194271    0.0000000001    0.0000000001    
    0.0107248233    0.0223469015    0.0000000001    0.0000000001    
    0.0054916532    0.0157151531    0.0000000001    0.0000000001    
    0.0134029564    0.0236466808    0.0000000001    0.0000000001    
    0.0076359733    0.0176842810    0.0000000001    0.0000000001    
    0.0105994308    0.0214316962    0.0000000001    0.0000000001    
    0.0078568607    0.0161839710    0.0000000001    0.0000000001    
    0.0122193168    0.0245296212    0.0000000001    0.0000000001    
    0.0091773408    0.0173480818    0.0000000001    0.0000000001    
    0.0122524798    0.0207079293    0.0000000001    0.0000000001    
    0.0052963427    0.0182337709    0.0000000001    0.0000000001    
    0.0101922990    0.0220282560    0.0000000001    0.0000000001    
    0.0058518835    0.0184358251    0.0000000001    0.0000000001    
    0.0114504411    0.0217442397    0.0000000001    0.0000000001    
    0.0087199086    0.0177474907    0.0000000001    0.0000000001    
    0.0126236017    0.0210848656    0.0000000001    0.0000000001    
    0.0060803638    0.0162008102    0.0000000001    0.0000000001    
    0.0147835428    0.0200301997    0.0000000001    0.0000000002    
    0.0079662372    0.0160314634    0.0000000001    0.0000000001    
    0.0106106906    0.0246725863    0.0000000001    0.0000000001    
    0.0077281794    0.0187745924    0.0000000001    0.0000000001    
    0.0139246191    0.0204021461    0.0000000001    0.0000000002    
    0.0091957272    0.0151450906    0.0000000001    0.0000000001    
    0.0122306361    0.0220638820    0.0000000001    0.0000000001    
    0.0051037664    0.0158506352    0.0000000000    0.0000000000    
    0.0146718492    0.0212836908    0.0000000002    0.0000000002    
    0.0062373698    0.0184545224    0.0000000001    0.0000000001    
    0.0108712996    0.0213903678    0.0000000001    0.0000000001    
    0.0060199497    0.0152700263    0.0000000001    0.0000000001    
    0.0138227290    0.0204603908    0.0000000001    0.0000000001    
    0.0055624658    0.0195819626    0.0000000001    0.0000000001    
    0.0137592962    0.0205473762    0.0000000001    0.0000000001    
    0.0066210905    0.0187812728    0.0000000001    0.0000000001    
    0.0116240086    0.0200403050    0.0000000001    0.0000000001    
    0.0061357570    0.0162307355    0.0000000001    0.0000000001    
    0.0111056990    0.0237956542    0.0000000001    0.0000000001    
    0.0074604012    0.0192584546    0.0000000001    0.0000000001    
    0.0109932430    0.0247922481    0.0000000001    0.0000000001    
    0.0079957658    0.0150897692    0.0000000001    0.0000000001    
    0.0108630889    0.0212312337    0.0000000001    0.0000000001    
    0.0078711251    0.0177264369    0.0000000001    0.0000000001    
    0.0143039115    0.0201787662    0.0000000002    0.0000000002    
    0.0097046033    0.0150190697    0.0000000001    0.0000000001    
    0.0133034178    0.0238198584    0.0000000001    0.0000000001    
    0.0074324141    0.0174820964    0.0000000001    0.0000000001    
    0.0106676893    0.0204824631    0.0000000001    0.0000000001    
    0.0070098980    0.0167481789    0.0000000001    0.0000000001    
    0.0147317816    0.0231876150    0.0000000002    0.0000000002    
    0.0078644474    0.0175931363    0.0000000001    0.0000000001    
    0.0140843604    0.0215205497    0.0000000001    0.0000000002    
    0.0066348566    0.0173859924    0.0000000001    0.0000000001    
    0.0124942751    0.0228353086    0.0000000001    0.0000000001    
    0.0084773734    0.0152928900    0.0000000001    0.0000000001    
    0.0130501521    0.0220898378    0.0000000001    0.0000000001    
    0.0071119580    0.0157703614    0.0000000001    0.0000000001    
    0.0143761998    0.0245817357    0.0000000002    0.0000000002    
    0.0064950832    0.0174965505    0.0000000001    0.0000000001    
    0.0100197604    0.0200966207    0.0000000001    0.0000000001    
    0.0089515721    0.0193301588    0.0000000001    0.0000000001    
    0.0122786081    0.0232330881    0.0000000001    0.0000000001    
    0.0079748628    0.0154384408    0.0000000001    0.0000000001    
    0.0121918217    0.0246503814    0.0000000001    0.0000000001    
    0.0081834623    0.0169339998    0.0000000001    0.0000000001    
    0.0127635793    0.0218095531    0.0000000001    0.0000000001    
    0.0071987870    0.0163472828    0.0000000001    0.0000000001    
    0.0128182417    0.0240310191    0.0000000001    0.0000000001    
    0.0069567652    0.0180433286    0.0000000001    0.0000000001    
    0.0142606249    0.0225614789    0.0000000001    0.0000000002    
    0.0098209889    0.0162585746    0.0000000001    0.0000000001    
    0.0117986365    0.0216543160    0.0000000001    0.0000000001    
    0.0063222411    0.0196554568    0.0000000001    0.0000000001    
    0.0112214017    0.0243759831    0.0000000001    0.0000000001    
    0.0074383928    0.0178849237    0.0000000001    0.0000000001    
    0.0106464509    0.0202676547    0.0000000001    0.0000000001    
    0.0065626040    0.0180443474    0.0000000001    0.0000000001    
    0.0148979575    0.0207588372    0.0000000002    0.0000000002    
    0.0086192900    0.0187770640    0.0000000001    0.0000000001    
    0.0142365205    0.0237947396    0.0000000002    0.0000000002    
    0.0068196351    0.0192637142    0.0000000001    0.0000000001    
    0.0138480004    0.0234407038    0.0000000002    0.0000000001    
    0.0063507984    0.0181552863    0.0000000001    0.0000000001    
    0.0144792558    0.0248016380    0.0000000002    0.0000000002    
    0.0088205391    0.0177159184    0.0000000001    0.0000000001    
    0.0134250298    0.0218343408    0.0000000001    0.0000000001    
    0.0076136991    0.0176538178    0.0000000001    0.0000000001    
    0.0125726300    0.0234103460    0.0000000001    0.0000000001    
    0.0051979650    0.0157836446    0.0000000000    0.0000000001    
    0.0149566514    0.0201958740    0.0000000001    0.0000000002    
    0.0077756917    0.0173138136    0.0000000001    0.0000000001    
    0.0111030135    0.0208761222    0.0000000001    0.0000000001    
    0.0099584850    0.0158037994    0.0000000001    0.0000000001    
    0.0144553171    0.0203439889    0.0000000002    0.0000000001    
    0.0075620364    0.0176690309    0.0000000001    0.0000000001    
    0.0122399638    0.0220200076    0.0000000001    0.0000000001    
    0.0075420985    0.0179407843    0.0000000001    0.0000000001    
    0.0110876837    0.0204823150    0.0000000001    0.0000000001    
    0.0069802724    0.0185574573    0.0000000001    0.0000000001    
    0.0116347419    0.0203771400    0.0000000001    0.0000000001    
    0.0080174384    0.0197131448    0.0000000001    0.0000000001    
    0.0126357753    0.0220946027    0.0000000001    0.0000000001    
    0.0071604762    0.0162904544    0.0000000001    0.0000000001    
    0.0136075708    0.0232363376    0.0000000001    0.0000000001    
    0.0078710197    0.0154344871    0.0000000001    0.0000000001    
    0.0111619347    0.0218762060    0.0000000001    0.0000000001    
    0.0091702399    0.0173523776    0.0000000001    0.0000000001    
    0.0130808496    0.0231130708    0.0000000001    0.0000000001    
    0.0079927703    0.0163757593    0.0000000001    0.0000000001    
    0.0119873268    0.0237918622    0.0000000001    0.0000000001    
    0.0093466195    0.0160434778    0.0000000001    0.0000000001    
    0.0138200542    0.0212296819    0.0000000001    0.0000000001    
    0.0064564824    0.0166937879    0.0000000001    0.0000000001    
    0.0107337555    0.0234053216    0.0000000001    0.0000000001    
    0.0086784344    0.0197114015    0.0000000001    0.0000000001    
    0.0139624064    0.0213066014    0.0000000001    0.0000000002    
    0.0083697879    0.0178888895    0.0000000001    0.0000000001    
    0.0102215871    0.0208875371    0.0000000001    0.0000000001    
    0.0091392452    0.0192560329    0.0000000001    0.0000000001    
    0.0105039345    0.0249835848    0.0000000001    0.0000000001    
    0.0083337095    0.0158278550    0.0000000001    0.0000000001    
    0.0125188803    0.0235446241    0.0000000001    0.0000000001    
    0.0052651265    0.0152239411    0.0000000001    0.0000000001    
    0.0126549074    0.0215608895    0.0000000001    0.0000000001    
    0.0063411160    0.0166971891    0.0000000001    0.0000000001    
    0.0107965724    0.0206664223    0.0000000001    0.0000000001    
    0.0071905171    0.0152145643    0.0000000001    0.0000000001    
    0.0102848358    0.0232807461    0.0000000001    0.0000000001    
    0.0069003356    0.0177565112    0.0000000001    0.0000000001    
    0.0105322217    0.0205247971    0.0000000001    0.0000000001    
    0.0063537352    0.0176537677    0.0000000001    0.0000000001    
    0.0120220819    0.0236663062    0.0000000001    0.0000000001    
    0.0076214860    0.0176937193    0.0000000001    0.0000000001    
    0.0131293916    0.0233022516    0.0000000001    0.0000000001    
    0.0057912044    0.0178366014    0.0000000001    0.0000000001    
    0.0112360890    0.0225865438    0.0000000001    0.0000000001    
    0.0082760096    0.0164891155    0.0000000001    0.0000000001    
    0.0100486531    0.0209140766    0.0000000001    0.0000000001    
    0.0064263809    0.0189496750    0.0000000001    0.0000000001    
    0.0101138329    0.0214157212    0.0000000001    0.0000000001    
    0.0079499702    0.0161117568    0.0000000001    0.0000000001    
    0.0105729121    0.0241456632    0.0000000001    0.0000000001    
    0.0078342750    0.0151495226    0.0000000001    0.0000000001    
    0.0129713543    0.0218597042    0.0000000001    0.0000000001    
    0.0077405775    0.0180151232    0.0000000001    0.0000000001    
    0.0136080502    0.0249637136    0.0000000001    0.0000000001    
    0.0067953690    0.0180506690    0.0000000001    0.0000000001    
    0.0112851717    0.0222636911    0.0000000001    0.0000000001    
    0.0056163416    0.0157949345    0.0000000001    0.0000000001    
    0.0135233056    0.0206993815    0.0000000001    0.0000000001    
    0.0075168608    0.0178093898    0.0000000001    0.0000000001    
    0.0136594129    0.0236821846    0.0000000001    0.0000000001    
    0.0081873801    0.0157855441    0.0000000001    0.0000000001    
    0.0146051084    0.0238399230    0.0000000002    0.0000000002    
    0.0066702442    0.0188648529    0.0000000001    0.0000000001    
    0.0133666471    0.0220363614    0.0000000001    0.0000000001    
    0.0092905320    0.0183079869    0.0000000001    0.0000000001    
    0.0100650378    0.0243347569    0.0000000001    0.0000000001    
    0.0065345517    0.0164299512    0.0000000001    0.0000000001    
    0.0132840778    0.0225691356    0.0000000001    0.0000000001    
    0.0072583029    0.0192769379    0.0000000001    0.0000000001    
    0.0128286603    0.0211209658    0.0000000001    0.0000000001    
    0.0059256668    0.0188206735    0.0000000001    0.0000000001    
    0.0138171199    0.0215196485    0.0000000001    0.0000000002    
    0.0084395101    0.0154254635    0.0000000001    0.0000000001    
    0.0149010741    0.0242943983    0.0000000002    0.0000000002    
    0.0098307598    0.0183234494    0.0000000001    0.0000000001    
    0.0139260947    0.0247968160    0.0000000001    0.0000000002    
    0.0093917583    0.0161699258    0.0000000001    0.0000000001    
    0.0139640312    0.0239668066    0.0000000001    0.0000000001    
    0.0096120470    0.0193173354    0.0000000001    0.0000000001    
    0.0119656870    0.0235254879    0.0000000001    0.0000000001    
    0.0076090978    0.0179465392    0.0000000001    0.0000000001    
    0.0146394430    0.0247837723    0.0000000002    0.0000000001    
    0.0099518732    0.0177088117    0.0000000001    0.0000000001    
    0.0146219576    0.0220237785    0.0000000002    0.0000000002    
    0.0074277509    0.0187974257    0.0000000001    0.0000000001    
    0.0127988442    0.0216407538    0.0000000001    0.0000000001    
    0.0072128442    0.0156215819    0.0000000001    0.0000000001    
    0.0100317210    0.0246329127    0.0000000001    0.0000000001    
    0.0066155649    0.0163210314    0.0000000001    0.0000000001    
    0.0118240037    0.0233666844    0.0000000001    0.0000000001    
    0.0088762801    0.0157561385    0.0000000001    0.0000000001    
    0.0103759823    0.0228981507    0.0000000001    0.0000000001    
    0.0053707183    0.0196502439    0.0000000000    0.0000000001    
    0.0125178062    0.0216451873    0.0000000001    0.0000000001    
    0.0055224392    0.0162873863    0.0000000001    0.0000000001    
    0.0106198496    0.0214425595    0.0000000001    0.0000000001    
    0.0068106137    0.0176114480    0.0000000001    0.0000000001    
    0.0129311041    0.0246172077    0.0000000001    0.0000000001    
    0.0093452334    0.0186185002    0.0000000001    0.0000000001    
    0.0108932540    0.0247649976    0.0000000001    0.0000000001    
    0.0057225787    0.0195603535    0.0000000001    0.0000000001    
    0.0106326215    0.0224641211    0.0000000001    0.0000000001    
    0.0079937365    0.0191807340    0.0000000001    0.0000000001    
    0.0104203371    0.0236306083    0.0000000001    0.0000000001    
    0.0064130410    0.0195255051    0.0000000001    0.0000000001    
    0.0107768309    0.0209761260    0.0000000001    0.0000000001    
    0.0066587106    0.0172544672    0.0000000001    0.0000000001    
    0.0129427751    0.0200943374    0.0000000001    0.0000000001    
    0.0057095768    0.0180850547    0.0000000001    0.0000000001    
    0.0120606734    0.0201910335    0.0000000001    0.0000000001    
    0.0065338747    0.0161122247    0.0000000001    0.0000000001    
    0.0123798380    0.0221312248    0.0000000001    0.0000000001    
    0.0086069716    0.0171592061    0.0000000001    0.0000000001    
    0.0105357596    0.0204283878    0.0000000001    0.0000000001    
    0.0065585900    0.0186576854    0.0000000001    0.0000000001    
    0.0144203349    0.0241635793    0.0000000002    0.0000000002    
    0.0082635906    0.0167786071    0.0000000001    0.0000000001    
    0.0146094740    0.0235486235    0.0000000002    0.0000000001    
    0.0085941641    0.0169568480    0.0000000001    0.0000000001    
    0.0108087890    0.0234452781    0.0000000001    0.0000000001    
    0.0080150302    0.0193127274    0.0000000001    0.0000000001    
    0.0106794519    0.0224869531    0.0000000001    0.0000000001    
    0.0061079712    0.0176807174    0.0000000001    0.0000000001    
    0.0120690160    0.0228701444    0.0000000001    0.0000000001    
    0.0088829526    0.0184877407    0.0000000001    0.0000000001    
    0.0121051816    0.0220555035    0.0000000001    0.0000000001    
    0.0085591967    0.0169767472    0.0000000001    0.0000000001    
    0.0129040844    0.0201354279    0.0000000001    0.0000000001    
    0.0056045388    0.0166117972    0.0000000001    0.0000000001    
    0.0118167602    0.0212196976    0.0000000001    0.0000000001    
    0.0094143022    0.0159602231    0.0000000001    0.0000000001    
    0.0123963370    0.0211899217    0.0000000001    0.0000000001    
    0.0055401865    0.0189393281    0.0000000001    0.0000000001    
    0.0118079286    0.0217989567    0.0000000001    0.0000000001    
    0.0093859979    0.0188919973    0.0000000001    0.0000000001    
    0.0111731794    0.0223475898    0.0000000001    0.0000000001    
    0.0091704738    0.0174525578    0.0000000001    0.0000000001    
    0.0126116121    0.0217208043    0.0000000001    0.0000000001    
    0.0071450747    0.0164837493    0.0000000001    0.0000000001    
    0.0128205601    0.0244314142    0.0000000001    0.0000000001    
    0.0076943206    0.0187989001    0.0000000001    0.0000000001    
    0.0140265732    0.0204158864    0.0000000001    0.0000000001    
    0.0083694702    0.0150484613    0.0000000001    0.0000000001    
    0.0112839124    0.0201321697    0.0000000001    0.0000000001    
    0.0056248949    0.0194042520    0.0000000001    0.0000000001    
    0.0144558651    0.0230989931    0.0000000001    0.0000000002    
    0.0078259276    0.0163228715    0.0000000001    0.0000000001    
    0.0139423338    0.0204433598    0.0000000001    0.0000000001    
    0.0087963892    0.0181761339    0.0000000001    0.0000000001    
    0.0117581124    0.0215462564    0.0000000001    0.0000000001    
    0.0084288023    0.0190846451    0.0000000001    0.0000000001    
    0.0146710968    0.0201225100    0.0000000002    0.0000000001    
    0.0052452102    0.0171525913    0.0000000000    0.0000000001    
    0.0143832981    0.0237215828    0.0000000001    0.0000000001    
    0.0093449785    0.0162688559    0.0000000001    0.0000000001    
    0.0105653161    0.0239958072    0.0000000001    0.0000000001    
    0.0060178774    0.0156442940    0.0000000001    0.0000000001    
    0.0146624157    0.0205212434    0.0000000002    0.0000000001    
    0.0053875646    0.0193211688    0.0000000001    0.0000000000    
    0.0112038807    0.0224443202    0.0000000001    0.0000000001    
    0.0085077080    0.0171775369    0.0000000001    0.0000000001    
    0.0138968799    0.0247804984    0.0000000001    0.0000000001    
    0.0091996190    0.0192221855    0.0000000001    0.0000000001    
    0.0100954232    0.0216189971    0.0000000001    0.0000000001    
    0.0089287456    0.0197170760    0.0000000001    0.0000000001    
    0.0141339062    0.0216358754    0.0000000002    0.0000000001    
    0.0055651098    0.0161116699    0.0000000001    0.0000000001    
    0.0133542369    0.0212936842    0.0000000001    0.0000000001    
    0.0056422815    0.0156569300    0.0000000001    0.0000000001    
    0.0112958692    0.0228800958    0.0000000001    0.0000000001   









    
    
    
    
                                                                      
    
    
    
    
    
    
    
    
    
    
    
    
    
    
    
    
    
    
    
    
    
    
    
    
    
    
    
    
    
    
    
    
    
    
    
    
    
    
    
    
    
    
    
    
    
    
    
    
    
    
    
    
    
    
    
    
    
    
    
    
    
    
    
    
    
    
    
    
    
    
    
    
    
    
    
    
    
    
    
    
    
    
    
    
    
    
    
    
    
    
    
    
    
    
    
    
    
    
    
    
    
    
    
    
    
    
    
    
    
    
    
    
    
    
    
    
    
    
    
    
    
    
    
    
    
    
    
    
    
    
    
    
    
    
    
    
    
    
    
    
    
    
    
    
    
    
    
    
    
    
    
    
    
    
    
    
    
    
    
    
    
    
    
    
    
    
    
    
    
    
    
    
    
    
    
    
    
    
    
    
    
    
    
    
    
    
    
    
    
    
    
    
    
    
    
    
    
    
    
    
    
    
    
    
    
    
    
    
    
    
    
    
    
    
    
    
    
    
    
    
    
    
    
    
    
    
    
    
    
    
    
    
    
    
    
    
    
    
    
    
    
    
    
    
    
    
    
    
    
    
    
    
    
    
    
    
    
    
    
    
    
    
    
    
    
    
    
    
    
    
    
    
    
    
    
    
    
    
    
    
    
    
    
    
    
    
    
    
    
    
    
