    0.0067290000    0.0223290000    0.0453530000    0.0023230000    
    0.0100000000    0.0010000000    0.0000090000    0.0002220000    
    0.0099000000    0.0009000000    0.0000100000    0.0001500000    
    0.0100000000    0.0009990000    0.0000110000    0.0001800000    
    0.0095470000    0.0009880000    0.0000080000    0.0002030000    
    0.0095180000    0.0009250000    0.0000110000    0.0001950000    
    0.0097500000    0.0009510000    0.0000110000    0.0002200000    
    0.0096190000    0.0009040000    0.0000090000    0.0002200000    
    0.0096930000    0.0009280000    0.0000100000    0.0001980000    
    0.0094390000    0.0009020000    0.0000100000    0.0002330000    
    0.0092010000    0.0009350000    0.0000120000    0.0002260000    
    0.0097040000    0.0009820000    0.0000110000    0.0002080000    
    0.0098230000    0.0009650000    0.0000080000    0.0002310000    
    0.0095310000    0.0009930000    0.0000080000    0.0002200000    
    0.0098400000    0.0009910000    0.0000090000    0.0002250000    
    0.0090320000    0.0009390000    0.0000120000    0.0002190000    
    0.0067290000    0.0223290000    0.0453530000    0.0023230000    
    0.0100000000    0.0010000000    0.0000090000    0.0002220000    
    0.0099000000    0.0009000000    0.0000100000    0.0001500000    
    0.0100000000    0.0009990000    0.0000110000    0.0001800000    
    0.0095470000    0.0009880000    0.0000080000    0.0002030000    
    0.0095180000    0.0009250000    0.0000110000    0.0001950000    
    0.0097500000    0.0009510000    0.0000110000    0.0002200000    
    0.0096190000    0.0009040000    0.0000090000    0.0002200000    
    0.0096930000    0.0009280000    0.0000100000    0.0001980000    
    0.0094390000    0.0009020000    0.0000100000    0.0002330000    
    0.0092010000    0.0009350000    0.0000120000    0.0002260000    
    0.0097040000    0.0009820000    0.0000110000    0.0002080000    
    0.0098230000    0.0009650000    0.0000080000    0.0002310000    
    0.0095310000    0.0009930000    0.0000080000    0.0002200000    
    0.0098400000    0.0009910000    0.0000090000    0.0002250000    
    0.0090320000    0.0009390000    0.0000120000    0.0002190000    
    0.0061137447    0.0208946117    0.0436367109    0.0021589817    
    0.0100292487    0.0010969193    0.0000085533    0.0002165808    
    0.0093054447    0.0009822557    0.0000100989    0.0001544714    
    0.0107162273    0.0010651358    0.0000119156    0.0001795230    
    0.0096963890    0.0009585348    0.0000084336    0.0002069866    
    0.0087266059    0.0008821314    0.0000100907    0.0002115373    
    0.0091801957    0.0009228987    0.0000117648    0.0002314437    
    0.0087350285    0.0009128730    0.0000084135    0.0002365740    
    0.0093910811    0.0009192751    0.0000099233    0.0002105173    
    0.0103154835    0.0009387437    0.0000090077    0.0002451182    
    0.0085585323    0.0008892424    0.0000130124    0.0002297395    
    0.0088617059    0.0010430892    0.0000111261    0.0002267344    
    0.0094718569    0.0009289523    0.0000086294    0.0002123945    
    0.0090396958    0.0010558547    0.0000072610    0.0002004294    
    0.0093615153    0.0010170664    0.0000098917    0.0002254111    
    0.0092266811    0.0009154088    0.0000113402    0.0002194707    
    0.0065197579    0.0210775603    0.0424748694    0.0023983956    
    0.0106576266    0.0010837748    0.0000083363    0.0002042376    
    0.0094920287    0.0008227105    0.0000108311    0.0001539226    
    0.0109363343    0.0009439126    0.0000112205    0.0001939967    
    0.0099729433    0.0009906100    0.0000083842    0.0001916218    
    0.0103819081    0.0009368662    0.0000103398    0.0001993002    
    0.0105355930    0.0009611217    0.0000111509    0.0002313656    
    0.0089967318    0.0009390120    0.0000082608    0.0002242279    
    0.0093153052    0.0009264208    0.0000106363    0.0002139804    
    0.0097842796    0.0009000568    0.0000104724    0.0002501500    
    0.0083725014    0.0008756036    0.0000128507    0.0002060193    
    0.0106075470    0.0009240951    0.0000118006    0.0001890248    
    0.0099433428    0.0009371466    0.0000074091    0.0002275254    
    0.0097567733    0.0010171082    0.0000078725    0.0002393697    
    0.0093174630    0.0009292448    0.0000089103    0.0002369349    
    0.0084987509    0.0009328354    0.0000128521    0.0002254317    
    0.0069298915    0.0237114631    0.0493475211    0.0025481047    
    0.0091219969    0.0010262167    0.0000086725    0.0002005076    
    0.0091556332    0.0009070693    0.0000109151    0.0001599849    
    0.0098996873    0.0009027687    0.0000119428    0.0001941762    
    0.0093131461    0.0010558944    0.0000079654    0.0002081802    
    0.0093523017    0.0008592283    0.0000118872    0.0002067734    
    0.0103199025    0.0009234658    0.0000103001    0.0002204537    
    0.0100013623    0.0009263700    0.0000084284    0.0002270623    
    0.0097493680    0.0009853646    0.0000095551    0.0001801154    
    0.0099477845    0.0009149432    0.0000107003    0.0002134125    
    0.0085674030    0.0009383619    0.0000116169    0.0002462190    
    0.0102964015    0.0010565119    0.0000109591    0.0001981051    
    0.0103614541    0.0009477251    0.0000072432    0.0002416667    
    0.0101586963    0.0010473791    0.0000077616    0.0002233952    
    0.0103759567    0.0010138685    0.0000084594    0.0002228458    
    0.0091481539    0.0009234152    0.0000121109    0.0001996081    
    0.0069832185    0.0234373842    0.0459662496    0.0023612161    
    0.0091532407    0.0010419119    0.0000084144    0.0002005525    
    0.0100381894    0.0008789236    0.0000108331    0.0001559564    
    0.0106303674    0.0010458969    0.0000118070    0.0001727604    
    0.0087739203    0.0009239032    0.0000085226    0.0001962466    
    0.0086047510    0.0008357073    0.0000112399    0.0001934741    
    0.0098692036    0.0009072067    0.0000102710    0.0002112834    
    0.0103671288    0.0009322270    0.0000084539    0.0002126728    
    0.0101620158    0.0009123967    0.0000108791    0.0002107460    
    0.0096113187    0.0009727585    0.0000102015    0.0002503345    
    0.0090263722    0.0008590204    0.0000119355    0.0002034416    
    0.0101654994    0.0009074360    0.0000111830    0.0002216814    
    0.0096209545    0.0009036722    0.0000077490    0.0002525938    
    0.0091283805    0.0010405194    0.0000077952    0.0002173072    
    0.0103876024    0.0009722986    0.0000093744    0.0002078160    
    0.0097230968    0.0010286721    0.0000121640    0.0002115901    
    0.0068295860    0.0230843549    0.0429013482    0.0022635793    
    0.0103745622    0.0010151381    0.0000092696    0.0002099241    
    0.0105702602    0.0009413513    0.0000096760    0.0001370144    
    0.0106424676    0.0010595287    0.0000111845    0.0001629813    
    0.0096942421    0.0009244279    0.0000074529    0.0002155036    
    0.0102904250    0.0009379645    0.0000102676    0.0002090839    
    0.0095578788    0.0008772460    0.0000115358    0.0002113643    
    0.0096749359    0.0009236741    0.0000087958    0.0002378719    
    0.0093131327    0.0008780524    0.0000098355    0.0001969940    
    0.0090616517    0.0009206188    0.0000099185    0.0002315860    
    0.0089460757    0.0008773079    0.0000111121    0.0002096765    
    0.0106091817    0.0009319029    0.0000115175    0.0002086301    
    0.0106701235    0.0009886627    0.0000082911    0.0002359223    
    0.0098748790    0.0010493986    0.0000086093    0.0002124570    
    0.0097792591    0.0009334413    0.0000082083    0.0002141434    
    0.0087530093    0.0008546207    0.0000116507    0.0002181217    
    0.0068533261    0.0230990583    0.0455392809    0.0023937527    
    0.0093600376    0.0009657471    0.0000087492    0.0002375401    
    0.0094676493    0.0009110439    0.0000099106    0.0001474172    
    0.0090627013    0.0009323666    0.0000106759    0.0001885628    
    0.0094871710    0.0009348744    0.0000079298    0.0002214952    
    0.0098508527    0.0009865581    0.0000105137    0.0001850576    
    0.0105190231    0.0008821513    0.0000109505    0.0002313174    
    0.0094055377    0.0008154311    0.0000081113    0.0002225343    
    0.0091525140    0.0009253230    0.0000105626    0.0001905633    
    0.0095835056    0.0008326757    0.0000107884    0.0002395600    
    0.0099539670    0.0009185391    0.0000129367    0.0002153174    
    0.0101572321    0.0010498066    0.0000119601    0.0002123802    
    0.0105034260    0.0010229265    0.0000081527    0.0002225262    
    0.0099484477    0.0010114788    0.0000080826    0.0002110219    
    0.0099579124    0.0009417065    0.0000092415    0.0002275963    
    0.0089829694    0.0008778554    0.0000113676    0.0002400425    
    0.0063387678    0.0241449259    0.0409592167    0.0023393354    
    0.0103629515    0.0010385266    0.0000083539    0.0002102803    
    0.0098325530    0.0009079096    0.0000094289    0.0001404539    
    0.0108200986    0.0010785865    0.0000109706    0.0001943920    
    0.0102884091    0.0008901110    0.0000085158    0.0002160685    
    0.0102103535    0.0009560628    0.0000112231    0.0002004742    
    0.0094016280    0.0009895446    0.0000118054    0.0002395050    
    0.0096282785    0.0009831822    0.0000098444    0.0002190370    
    0.0102945274    0.0009654459    0.0000091217    0.0002045004    
    0.0094484280    0.0009838382    0.0000103974    0.0002481138    
    0.0098494713    0.0009339849    0.0000124907    0.0002391556    
    0.0105677062    0.0009306560    0.0000113675    0.0001911456    
    0.0091339899    0.0009397035    0.0000080527    0.0002228969    
    0.0094155614    0.0010744475    0.0000077629    0.0002213874    
    0.0089945298    0.0010740731    0.0000098546    0.0002064540    
    0.0086767404    0.0008869342    0.0000111787    0.0002363443    
    0.0066175799    0.0205197493    0.0448175394    0.0022089193    
    0.0093692056    0.0009932456    0.0000083626    0.0002115097    
    0.0091495525    0.0009703522    0.0000103042    0.0001481442    
    0.0090221768    0.0009339034    0.0000111187    0.0001913690    
    0.0105007026    0.0010199919    0.0000087132    0.0001990532    
    0.0088223511    0.0009631150    0.0000117104    0.0002028025    
    0.0095304954    0.0009041512    0.0000106418    0.0002360986    
    0.0086764338    0.0009925311    0.0000093045    0.0002326455    
    0.0096393394    0.0010118082    0.0000092030    0.0001823603    
    0.0094776558    0.0008717079    0.0000107637    0.0002529703    
    0.0086464601    0.0009156515    0.0000108278    0.0002376396    
    0.0102322024    0.0009768735    0.0000109120    0.0002265638    
    0.0098267440    0.0009206661    0.0000076689    0.0002336924    
    0.0087668950    0.0009518395    0.0000072008    0.0002414155    
    0.0096930667    0.0009352311    0.0000093819    0.0002071264    
    0.0084084701    0.0009788179    0.0000122051    0.0002322864    
    0.0064698905    0.0211708958    0.0489012560    0.0023684453    
    0.0098866603    0.0009518704    0.0000087628    0.0002166422    
    0.0101048888    0.0008561361    0.0000107470    0.0001603689    
    0.0108768187    0.0010777371    0.0000118045    0.0001842716    
    0.0090120328    0.0009521237    0.0000086422    0.0002167580    
    0.0098271754    0.0009317968    0.0000117875    0.0001849336    
    0.0095396615    0.0010057466    0.0000117298    0.0002036711    
    0.0091548755    0.0009765878    0.0000095468    0.0002265658    
    0.0104591090    0.0008679446    0.0000103650    0.0001906528    
    0.0101414723    0.0009606282    0.0000103671    0.0002425927    
    0.0091098363    0.0009979124    0.0000126778    0.0002246156    
    0.0097326668    0.0009494001    0.0000115477    0.0001941712    
    0.0090558715    0.0008888829    0.0000073713    0.0002264960    
    0.0089611219    0.0009897115    0.0000076748    0.0002272463    
    0.0093788167    0.0009508244    0.0000088997    0.0002340349    
    0.0098424741    0.0010040557    0.0000127574    0.0002210764    
    0.0073038110    0.0203039514    0.0479650530    0.0023589388    
    0.0108229451    0.0009918232    0.0000097608    0.0002282335    
    0.0093092653    0.0008676479    0.0000091724    0.0001482504    
    0.0091139837    0.0010915947    0.0000105452    0.0001712684    
    0.0091962135    0.0009269013    0.0000079075    0.0002060720    
    0.0102183669    0.0008790055    0.0000114105    0.0001977551    
    0.0093156871    0.0010232404    0.0000117344    0.0002365056    
    0.0103686020    0.0008994718    0.0000087795    0.0002409249    
    0.0104345284    0.0009603253    0.0000090241    0.0002063087    
    0.0091733527    0.0008936205    0.0000106591    0.0002415035    
    0.0095160161    0.0009539093    0.0000125813    0.0002190532    
    0.0094054816    0.0009986757    0.0000112270    0.0001889915    
    0.0093335563    0.0010266176    0.0000086816    0.0002108692    
    0.0093724314    0.0010415802    0.0000077054    0.0002218530    
    0.0093676164    0.0010860298    0.0000091757    0.0002366785    
    0.0095110087    0.0008594337    0.0000108412    0.0002074413    
    0.0065221507    0.0230481917    0.0461636478    0.0021915776    
    0.0091347729    0.0010579709    0.0000081282    0.0002133958    
    0.0105662455    0.0008981725    0.0000091088    0.0001647059    
    0.0091578055    0.0009178084    0.0000106114    0.0001676443    
    0.0089843802    0.0009625246    0.0000072187    0.0001858533    
    0.0093706724    0.0009987162    0.0000104130    0.0001844328    
    0.0098669306    0.0009717594    0.0000113593    0.0002401230    
    0.0100853027    0.0009845253    0.0000087077    0.0002253598    
    0.0092045767    0.0009277619    0.0000105117    0.0001899082    
    0.0099512178    0.0009143175    0.0000104090    0.0002223047    
    0.0100029829    0.0008419562    0.0000115676    0.0002384627    
    0.0091851669    0.0009208013    0.0000109387    0.0002176073    
    0.0094866562    0.0009677692    0.0000081415    0.0002230060    
    0.0091207619    0.0009146627    0.0000078358    0.0002209903    
    0.0095604243    0.0010628383    0.0000085491    0.0002194328    
    0.0091782312    0.0009596571    0.0000117995    0.0002305437    
    0.0068760124    0.0204205126    0.0448832108    0.0024730083    
    0.0093677198    0.0009165012    0.0000088496    0.0002073638    
    0.0102614928    0.0008615567    0.0000099764    0.0001419923    
    0.0093709205    0.0009753562    0.0000119183    0.0001643588    
    0.0089950430    0.0010189663    0.0000076487    0.0002189197    
    0.0088474305    0.0008443349    0.0000099085    0.0002073931    
    0.0097390086    0.0010223680    0.0000113200    0.0002376398    
    0.0093580146    0.0008623102    0.0000081517    0.0002204504    
    0.0088188961    0.0009008138    0.0000103071    0.0002101475    
    0.0095447845    0.0008418994    0.0000092269    0.0002145515    
    0.0100106534    0.0009540212    0.0000121087    0.0002441211    
    0.0089922118    0.0009329349    0.0000111905    0.0002269627    
    0.0095652666    0.0009003024    0.0000084516    0.0002283530    
    0.0098072586    0.0010282594    0.0000085990    0.0002080102    
    0.0088618976    0.0009806417    0.0000093440    0.0002334627    
    0.0095302566    0.0008490195    0.0000114573    0.0002330606    
    0.0066626406    0.0206208926    0.0453177356    0.0023822206    
    0.0103391528    0.0010430100    0.0000087357    0.0002178626    
    0.0096634463    0.0008688193    0.0000103845    0.0001388234    
    0.0102787269    0.0009661769    0.0000117948    0.0001643939    
    0.0090572207    0.0010625318    0.0000080391    0.0001961604    
    0.0096818985    0.0009421461    0.0000113026    0.0002064357    
    0.0097649270    0.0009937404    0.0000103662    0.0002132306    
    0.0092443530    0.0008648261    0.0000084955    0.0002388297    
    0.0087765581    0.0009682039    0.0000096630    0.0002016936    
    0.0097641642    0.0008305257    0.0000107330    0.0002252210    
    0.0085793746    0.0008739297    0.0000131483    0.0002063956    
    0.0092400086    0.0010035988    0.0000108684    0.0001950645    
    0.0089307289    0.0009654047    0.0000083187    0.0002317139    
    0.0104232491    0.0009543117    0.0000072969    0.0002087030    
    0.0101216818    0.0009247281    0.0000081344    0.0002287329    
    0.0087381821    0.0009184115    0.0000125121    0.0001983358    
    0.0070230552    0.0219952388    0.0426243795    0.0020962870    
    0.0105392339    0.0010347916    0.0000082870    0.0002058318    
    0.0094819655    0.0009078436    0.0000098049    0.0001533335    
    0.0097508542    0.0009562836    0.0000101552    0.0001816293    
    0.0093739918    0.0009120416    0.0000072900    0.0002132845    
    0.0092125903    0.0008841417    0.0000108919    0.0001839075    
    0.0106322684    0.0010425599    0.0000104975    0.0002031551    
    0.0099099078    0.0008724004    0.0000088618    0.0002017967    
    0.0097873312    0.0009394128    0.0000109483    0.0001956919    
    0.0099281195    0.0009132172    0.0000101069    0.0002283927    
    0.0088052742    0.0010066141    0.0000116489    0.0002418708    
    0.0090127214    0.0009201965    0.0000109534    0.0001913719    
    0.0102522500    0.0009988029    0.0000082043    0.0002332918    
    0.0090905709    0.0010433991    0.0000073006    0.0002329504    
    0.0105528826    0.0010221742    0.0000084068    0.0002070157    
    0.0084237440    0.0009623450    0.0000111622    0.0002074988    
    0.0066663479    0.0245560919    0.0423395519    0.0023078431
 
 
 
    
    
    
    
    
    
    
    
    
    
    
    
    
    
    
    
    
    
    
    
    
    
    
    
    
    
    
    
    
    
    
    
    
    
    
    
    
    
    
    
    
    
    
    
    
    
    
    
    
    
    
    
    
    
    
    
    
    
    
    
